345862907
1028723750
77968084
873765240
836931638
566026016
1201751242
1932650928
1008060979
1875588525
25282717
1401514629
921633758
1328767436
834261833
431449897
1033105270
449579017
1748459884
920523382
1163132743
1623331355
985076546
1528011434
176041235
313614716
501072304
1382003136
2027604920
1705201818
1547287522
1151438246
652529997
1607139009
825844378
1519719920
774173016
912463168
1817211178
993136205
1024998400
1799729895
663747679
328274843
503045274
1720633242
1824474693
2103620566
2004303796
1038543884
118637887
610287649
32852504
868966426
1956467124
2022362979
2064763924
1934132760
146452676
1141387553
149083653
701599133
1855423974
200437614
1524906639
1654457670
1995004342
1328938586
1164276440
266532483
700400925
1149937567
1934719615
1226185276
184404319
780056029
1366503661
1252056368
852385628
430029658
114063139
824592259
253691599
265384507
1089277094
1111306615
2071750534
761372947
927337668
1563290537
1298147849
1867401134
1794859007
432738157
820870572
1115483301
899981551
1803530105
2070939419
1711616800
962240721
175421637
2054100159
1219524174
1913227312
1017111618
1053909435
1765448457
828407453
1141401405
1221639834
1536233958
1239763396
1141937008
304236135
558055836
1575960924
1226885754
1728228573
1500012990
961616226
2025690730
1553093401
148195324
324618583
140325757
835360684
1741509098
451499047
191080025
137098838
1231697004
591924007
1632707719
1425793601
876293753
986569465
243242008
1599971325
1110500904
1989585252
2070448672
1613169971
402196104
659720760
974835851
312485051
2055031672
599744137
564186291
1214795180
583843795
1121622879
765378606
1049249483
1422012948
966743042
859633088
1124732762
455102385
227548844
1557211908
1584223453
749765322
962036888
1374103364
1767964989
503813090
1566887332
1193629401
573852393
1390960030
510033259
1847365043
2119469637
412680230
1619376845
1078636377
1771089459
745806759
842621507
745260792
1981527549
1147667945
293978994
1089884187
1049956008
777463653
1597492076
950291844
1144970835
389258059
800418446
1811061065
761447570
1741782744
1125141694
696237891
607979524
1936436349
338322134
217355890
337204880
106888720
1251717803
754573766
1351513044
407890516
856325969
1811992880
1355354932
594721324
1899667895
2082204889
1720712431
2134339338
125761034
884513225
1109268840
794927892
590609212
573906781
1058907951
1202097554
423004781
1152974309
1503855030
1751175047
1131974799
1276072360
1371396378
721859051
313891179
1539570557
422223027
168625390
1379154389
858669215
263694423
885654776
50806056
336581061
1370399669
365106214
1919669193
1413889254
450498133
1388209555
208977522
1424750663
1021353495
1894030589
1624467291
1331052546
667806488
996179120
2084151777
41548806
2050479319
246809935
1808515093
1150934229
55445694
233916272
1214371175
806429891
1595869914
1585293842
1409482011
1905428226
555596267
502294853
236847604
989048913
613870347
612912301
199495874
108071103
2040566043
649701147
75584116
1867008715
63621482
363567836
2083723293
898033077
891788221
1165658733
1152921310
32314692
151255335
775176191
367186203
1297365561
1191662604
653385998
201428896
1967569691
254182741
634094570
971455122
530605980
1535097082
110842669
2064256335
855770814
2127734812
867709848
1058726701
1032365685
394090737
805414061
462385064
1805515493
430316638
1338886018
64016749
1250025056
611256776
482886629
921784601
447823050
966705679
462061175
830681140
1904641916
1599215456
280339767
305471463
830578977
607858542
1720177233
2121731848
541714239
1938722652
225984296
1405536483
943512405
1064910762
1650211482
435494249
1794931247
489425689
894113578
1215185183
571643145
23478124
1833272748
1991509390
1998474224
1554517944
1181330218
1605425104
2011029875
1504975347
387417856
591578967
827258045
649257492
1090811587
1297793288
1205140153
600796093
502956011
122884810
1387781327
754640540
1360832002
299322480
531092711
1665523668
1810168806
1852936232
1816176593
406388263
521308035
2047073973
1813294698
116958631
619612537
1425441312
2012734230
1595204250
1661942106
1995352594
258003378
729193124
272444809
1265366058
2115214168
977487814
516141085
1273022254
348763612
487166226
1424618310
2033319675
244454011
219845043
450978187
572377282
749289589
1714222664
987539744
2078265968
350570487
864199917
648697806
1289825140
112748891
1625957313
1407752899
933973031
1709998234
747711838
1905054971
508763917
971560217
1802332238
728128167
864223885
119458694
1581227556
2055232533
1194714439
344975716
1732968510
1567936720
1278826603
431836974
1385947236
352806595
324285951
472905050
458662130
561383122
1504512887
233281717
1524358986
1724996486
238249204
1955001612
398008189
1908536758
337284507
652233278
794884038
1346959453
1763761744
1732819433
1729526932
1028107487
1620712157
1031523561
1799192173
1390722819
1223960262
1398847825
579539844
980473465
821854884
451621569
555879836
966638826
1339321195
2084669619
500099310
1125759846
24137081
1960334451
2124283176
1106764384
1076817266
383369680
785244251
1111855527
543226386
37062402
222592754
1815918188
394630186
1892911499
716409656
1787208410
1761672799
1572923303
296033977
319649539
663675076
611804489
1719457993
548443046
629117479
1825095542
1414690889
1861859730
328134063
230244191
423885256
1484718907
