1731545369
2122228748
1575875105
19100286
603029157
202150689
1292675587
1529883803
1306533966
1747501902
1890800564
1896504332
626537111
1196179726
749110221
2075462224
1964770190
970539039
1228953573
1364406103
1016743352
2047347593
1192579178
912880779
1730582121
1456769780
691977284
2108817577
1146619437
1190694888
1531933854
2042359223
1323803638
2040072311
1652978874
912368406
553530861
753029770
1414973411
84884422
1362877049
943878528
767489799
1734292269
1931212601
2096213939
1986619582
74059301
1233353297
2086789266
1231101357
973827691
1081900676
1635085290
1465717556
229219736
1125367638
1766602248
1243719395
1648197816
2136398793
1296388956
292769856
457554421
554456366
463885206
152498722
501549740
1096928210
1872992378
304810330
395128538
1012794059
411041644
906482937
816045517
1236876222
822312080
1548728736
1484992778
1263027847
923088060
223712315
1947034588
1000988856
1386247819
1310961992
1167243832
815645174
1268818732
793074167
1531254657
1919973807
675817397
398138008
298905644
2084500028
1637136284
513541834
1830790562
219275518
1643361981
2036887205
552732764
1457784833
1943945954
1943972297
1758738777
2118509377
591901978
1447249166
1627625652
338057055
1351347283
815974751
1125633034
1338708401
1811879259
1757188321
1703752718
563675650
672504366
333182292
1348745038
1026366412
957171887
1237024597
487547786
1265137998
1895200996
966276252
419387533
519602174
1569900205
1324432103
417586322
199951851
668928470
1128392383
1687608453
341603570
1840141968
25553375
11892995
893438416
1091687075
1937864482
1774237612
2015217112
1078119841
1106277224
1884569258
921976856
271733932
1730165053
134080696
1074473770
1619511736
1610733482
658216472
1727234075
884158196
1517459291
1766158939
386008168
1376093472
277898627
1366469398
1412163028
1428961511
461928960
783305496
1690045520
936255998
471812122
449197011
624363268
275313578
1909087761
1013896058
184612956
798618981
1095893362
602755152
987008904
1729053818
1666316126
1508374671
461095264
69521297
48023670
109111648
2019963438
62464930
942759867
1249832821
357478596
588196262
1865987767
1496455410
518286601
661404655
5992825
1916651514
556807105
1610977632
1673378818
155703056
684894915
787482998
1800789295
844260925
318210876
1113210761
365065686
1768577368
1580606851
667890554
497800771
1322748076
325874005
966640679
83196203
1427368306
1838333409
1402891462
678490697
834027858
1290820207
1631371400
1897712495
366362808
449107868
1981626164
1102984541
194214493
1827416725
1493289414
71597200
1436996293
590327767
1916224808
935758053
1303824668
1237306701
1173633596
2052672209
1135210955
563577341
343307949
557839991
564526659
1459863495
1771306851
731751156
1200214582
956986715
1410844932
726265505
280534322
133966498
379138181
1982039867
1822112096
471008321
1328827603
1809533532
2056212123
907042668
1624653321
706293732
1809386766
2123309782
890063071
1391945314
2092641133
1346751934
1037074968
291147203
1746249320
1386172596
365742314
1522095481
1467829789
118446505
2018843413
678496249
492983216
217654083
476803765
1156017322
1191789778
1973002914
1977661322
97782122
1662923042
1757127537
766611456
1644165430
2105102509
928515277
970384970
1672943124
1518761201
348980365
1368109594
65654554
268069232
1380160794
73194234
1217894124
1493065191
1237489870
1734200634
601593206
1342792841
1680079827
631621621
863134895
367511902
1450415735
318706167
1764927993
1960963318
310976231
1367790334
1223276121
2013202733
957822049
1160503289
711251761
2073157022
1719088531
1129677520
407645944
276050775
77925003
1912138151
1202566250
1507387430
1452495304
6326148
284638899
1338556079
1272510767
1466156572
1031802766
1828165509
905171092
102452429
1159831193
1944045832
1143838465
1157468186
161052750
749883990
1487038376
635231774
330310322
2007299793
687296302
223208046
1007617759
1236531116
1067210515
43636630
967222627
629587040
670987011
1304812171
806359975
32433469
649156611
846745421
85229065
1131419099
1750752908
861140496
605503768
1849623660
1414574514
1469135462
821564924
2080821936
379951881
77450767
1999825016
2027835360
556292684
733414736
735743680
1741126144
1679691559
513228015
443089382
33741507
691054241
1660454341
957577123
1048243254
1937236183
1580115847
1689177960
833159027
1596729077
825222755
2135813092
249002805
429022526
294225646
698427629
1894594353
1045463800
243589473
1415175307
487662179
111099329
161851770
614868074
1995265685
874798656
1976522013
1424410977
1271369784
373959019
1999089891
1856376102
414968786
648594846
784543090
448360458
292713594
814022580
1457487265
1964746410
391894212
788080497
484288127
1949142825
305438430
652359555
250259469
1088170656
1603347806
605579206
19174231
1380424387
1639229056
269478847
1359035204
2049356234
2082888269
954447917
2107982507
1405182486
1283036908
617598217
592957602
1412500158
86527550
1485983064
390756670
613777764
639219731
1249840029
630177447
2001891749
1567763131
1243795111
648935574
236796656
1797739811
1067972280
892885956
353763078
1603694075
547846416
742162994
514006790
312610106
2133481925
87308931
1633636938
870027646
1701327726
1292848207
1997083304
1968140225
1465844242
1789898682
1374012154
990622354
144216356
73915843
1045130212
888567441
1718977545
1503843484
28443245
1205112352
