790922
2070604
728585
1051264
1434479
575939
557445
1943368
2063968
343198
519819
1450010
1674343
2067814
489018
1370727
867988
1069002
358838
725316
211313
1832090
1891324
1958066
1421743
636460
1057776
612933
1115295
759602
1678035
204505
106013
1320277
846612
999117
1515147
1576754
1108466
1157581
1104637
636918
300108
772949
1307973
317135
712548
2085521
6926
1256847
1526863
861865
901204
1513530
1694067
1729344
1390564
324387
1424685
1402555
876340
795576
136030
1746376
2025972
119769
61666
1092077
1760836
1583900
2052640
2090758
1888265
1434225
1130572
2036649
1599663
528260
325181
1575635
1299261
1326868
1484954
1118019
1828366
1890022
932544
1984617
1858720
568100
233190
1761340
1979635
650981
1192029
1943951
1503604
293478
671845
1765046
575177
1529235
1164270
542353
1911252
261634
320887
577949
1865168
1197644
449849
859594
1522640
1581669
1928924
1672991
1415732
1939979
951174
666429
811111
2003480
53398
701164
1549814
1288033
641814
646727
1759377
67166
1662400
1466556
1728834
2074850
1272337
682756
779781
1888861
1968263
359387
1843693
575558
1110951
679282
315924
1830501
1017346
149448
1648164
2041738
853132
956822
1180507
936281
438308
1115177
789327
948234
849243
138555
312371
628769
832789
1711926
210301
149220
1037689
989227
1322101
179280
2043701
1488815
867351
1276303
741066
519492
241367
233770
1845124
1355412
466047
1723859
1683957
1181632
960768
27493
77354
481281
449042
1065983
806299
781037
2048201
1506044
548104
647954
1004218
929531
1820559
137337
1288814
607597
2049744
261002
1124235
362243
354151
233154
1919846
481491
856917
369372
377628
1099687
1307938
135173
227642
1934204
4427
1382453
565857
1707131
922962
1070106
321393
220565
1608037
1165440
262440
865562
1236830
340519
1222754
1932874
55402
2057309
1939242
1578453
318784
1819120
1752664
1015752
762586
169467
1563143
1443484
717355
807492
1030199
1186349
556627
59030
587928
1610043
761312
1719523
2013524
2002886
1414197
809939
618537
1796151
909031
1918405
787258
642448
23918
632264
73869
1048832
1126081
1920494
56024
761792
1080457
478925
1371053
684375
432735
41541
1212550
1423419
1978530
218729
319193
1026721
1421286
787212
293144
1384131
1237049
604456
765606
1080471
294586
1671579
1825804
1102368
1598652
1212920
928046
1598803
1607711
1407345
282888
1654814
1227188
960711
1118493
914248
1133036
830587
1050393
1122122
140533
949279
1097911
2003239
527840
419099
1328275
312551
1455776
214596
1584485
1419530
1648548
1018456
193930
1974413
780578
1650296
1036698
454665
529645
1934424
104289
2028234
1728934
1804876
474330
995105
323066
132163
243355
902636
1254361
1299446
1273147
1644122
986419
1335076
600073
305336
626162
107144
1039565
1430243
1402322
134794
1935790
55633
962861
447768
75374
1723953
2003895
305633
1772289
100301
862276
1228647
1571804
1818496
1168261
29989
5678
682554
1206352
2082553
1356596
1825109
354080
1358561
47800
49331
1872803
1137176
1853701
785126
576115
603846
1326925
1823322
412250
432983
1175061
1653964
443189
216061
349697
205209
561685
926969
1279430
1435027
1932533
1630297
285850
168580
182315
1933850
1528725
672678
112157
986627
736410
1661267
915273
819923
1876379
1567129
973677
905666
1464756
1345284
364796
1553993
1314800
883909
86748
1749764
496218
811524
968822
464397
1801085
992430
1822425
1165276
969515
87807
781394
1161263
1286420
1990372
1082364
1480544
597738
957279
284076
583907
387943
335593
953507
1999637
1722866
722842
562725
435697
954201
1929021
1067458
683474
1991319
1877860
2014150
506585
1733147
318150
1966776
218086
619002
86183
716990
2005655
1602897
1957786
1614201
263993
1467268
1721670
250953
1895521
2086852
1127133
1579615
1638044
2082708
1795595
1533598
86011
1294855
93986
195948
615280
668064
1344565
574271
1361749
