68129027
48950653
33932444
26758570
83067367
66300044
39985344
31359258
1410593576
73540095
112906767
73733755
64654571
128119452
1547941928
97471424
45589760
405189130
1005218991
2096026809
41989573
389450692
65392873
34633258
1935371403
1219788221
1982609430
52407284
82772395
4364225
64170598
480156399
1215252210
637308592
59284281
128504409
59652971
13048140
19720586
44186733
1072819179
1520045105
108184898
28205555
124435067
1856244469
1961002825
1595225974
2933329
115418390
31788005
118485703
133392491
75983122
2091699194
2090393470
8387962
106468725
92910782
1181287523
2112543801
499490533
54966212
1567074
73917343
1601000413
58245043
68083451
108461117
16682276
2098867319
1819139628
2138875733
1092375546
58680713
54529908
45985106
1659995266
124222282
102773502
73393242
28943953
1724637160
5815172
24188757
123694900
55954727
64088716
101645542
130689473
441229508
2092546782
65159513
111387583
22353792
11386571
2349429
1610065414
447091589
215342838
1452805181
20054202
80622064
23121704
39354597
59941778
128498077
74887404
48043735
219645311
559126515
922267814
94111479
85037417
40804156
15396573
82794934
81604663
2123599405
1982857745
1132907908
70086735
1081484
79043207
63902015
90603652
12343308
63733434
367933057
1688568238
418268843
2194617
46068241
6332009
118510730
98532944
119091164
966762546
75154114
352107628
26927959
118222211
41644372
69848600
123120194
1248736858
61237557
75033674
74445928
114518748
3497267
56536776
3009121
2122919135
813332906
1047115489
259698321
111892494
75263555
107537147
102676441
44867019
387227241
84808873
104727118
40417370
79206572
2688047
12663379
42951713
688576296
37475874
122759219
2082026759
1357007301
514858695
1905666302
74530958
74822642
55809696
58692283
124750297
1911971869
1493212621
118374633
73040775
791940493
633499933
11924791
1375231658
74945934
56615729
114700915
461858558
531812177
112164799
29798992
1254831334
378172860
1234509421
362114401
52951297
100882607
1432533726
15713887
126134490
7637226
111500370
1831105401
2143550281
106284565
15466586
107435824
53874948
113653387
21185631
34420265
104369610
1008534929
119457784
67567327
85157359
1620230383
1584783756
355045936
69971908
92177806
97971411
69865011
91143212
646784262
1990887586
1549022692
50701677
93257331
101490244
28801540
54689273
77072267
94306535
1857741067
640084395
2024279241
3733067
17479955
94322157
115742559
80162166
1532015379
778522201
67094071
112847563
77964703
497861736
2101642025
359508439
1911816121
105404177
60087352
14475541
126176978
86515634
1706719458
1386179399
62634219
105922039
60043761
68616588
60000812
821133007
1146375126
1498462464
832190692
118995536
95013752
523126436
662857376
129005267
58244670
97716100
102203843
652271898
7845498
38973114
30749302
2116964138
999225852
1576262198
9948852
62140215
502260956
1835554114
1991741095
1761143172
31451109
432172
86448891
72175954
97584422
109827850
842300177
399446014
459887918
1488503355
97024142
122588639
70388000
54426544
123232665
49397357
129661887
1753160313
1183783738
1129412460
12779700
124648462
38795176
72362446
1126160587
776294030
599509221
95976213
39007307
97546625
3974309
21651439
813094992
1054987966
1204036214
1282684171
26405596
1570828367
1277690905
750740666
