54664
101536
76441
109593
125152
13370
32260
120813
110527
71767
23638
13025
41214
76349
7293
55120
4861
24044
90030
79879
38824
8245
110233
55599
56719
48152
34914
86863
46542
45192
122061
10388
36800
72943
102315
120746
5780
52733
104384
39601
37622
116441
21375
82667
102820
47382
50071
57979
24908
58118
118954
104349
103708
19447
125418
71744
66532
55023
79059
91725
52048
88963
116509
31165
19205
23057
105702
19104
103435
38229
20352
68551
114017
95136
48941
35488
16317
125440
111635
4640
105976
116656
7470
54414
67850
130495
28292
121504
26645
121095
40461
94670
113842
130682
48085
127725
23920
46196
14127
57796
130007
56319
107405
10613
111529
70712
14171
11515
82718
21905
28237
122795
32318
57335
61704
111058
101646
6553
76365
125808
109384
120386
30463
47734
94696
92497
10092
127662
10215
5015
111988
30498
16205
110234
107971
123947
130398
48348
114966
14181
58508
62151
96638
94921
43635
62246
62864
93652
45930
21690
3366
85999
11883
115224
73617
82362
65355
100755
103279
130569
107250
86238
126004
112236
36031
6002
5865
18595
14953
47084
58847
16033
99154
72949
4399
122583
117183
21433
127809
10973
44594
105908
130972
28837
45825
2109
1731
30334
111612
20351
83379
87868
90115
126271
37518
123634
74202
100146
68461
14179
23614
58241
118234
24975
40254
96738
81188
57508
83674
83962
58937
37616
122417
105474
61550
70103
44714
43633
73205
62405
110913
39977
128615
74542
79404
83431
88800
38666
84882
36819
91134
116596
77173
41283
1439
85912
33993
89431
63406
81790
95124
40690
105242
20076
117151
113393
98984
77676
36987
107448
19024
73983
89842
58976
114522
45024
12951
1892
61810
23450
44993
26162
59370
30544
114322
116594
105668
72710
53121
120196
113961
81425
84885
109548
83160
56487
48006
39500
23944
53780
11386
29573
106564
24605
62182
52954
65206
55053
100630
67684
11457
37003
60086
99644
16947
124288
45692
57447
60163
115678
95356
23021
129347
89561
86766
5696
63060
72942
61485
50089
7576
15205
84302
69360
52794
63498
86771
43766
67515
13652
46624
6102
125448
112091
50095
84201
118698
58991
17688
95049
10072
118836
5136
105913
54098
29300
49875
51100
61031
24863
124368
58388
75703
108785
16377
66682
34610
70379
38548
119860
93125
116774
39964
125641
86926
85643
21248
14320
91357
106257
115519
104732
70761
51291
119008
93700
81988
48649
80930
75513
25701
45649
34676
99498
86453
5117
11488
72693
12146
85743
34830
50249
77821
98568
8839
10683
46564
83905
113403
109478
88987
101809
19480
118682
98832
21280
121382
66458
76871
62528
97657
111780
118486
43998
63399
10056
14462
113191
91085
55072
88834
97043
2631
43983
58102
62198
78853
86549
5822
49614
27827
31685
83061
66263
64174
63541
109102
58518
91083
86560
115112
126255
13474
85437
106656
31432
74732
125666
27537
80085
68206
67391
56222
87884
39070
79025
91816
72131
108151
45983
106963
11133
36677
2122
125501
127601
57975
15436
56040
27781
66840
38144
20409
87107
14872
112761
9756
107438
12550
59026
54316
35841
66257
43257
41786
48287
34432
14000
99674
90871
39462
64272
28260
19729
95400
21231
48910
127704
60644
11564
7454
100766
66032
65773
97396
94194
108133
99690
125283
40395
3883
74808
115392
127424
108892
25919
21489
129345
88011
98691
22670
57155
14590
110740
75469
65387
91260
54448
28308
53793
62166
13759
7034
101826
55964
92165
61162
35126
34788
110639
42109
108309
115846
66020
78981
6007
109504
32185
26153
87871
10810
116750
118067
87391
53937
97957
128461
103443
21913
59539
17846
41928
63993
116957
123102
78350
65421
44109
14331
71670
26852
104437
101179
16693
35496
125894
11910
75130
25608
104737
64966
85817
73254
19215
26806
82088
20221
112354
103483
7459
125818
19754
75988
75910
93464
61456
97540
8246
89753
81241
11948
57745
81225
4275
66880
9376
33509
99096
59353
114770
52229
36103
45337
26675
35412
23147
42914
98411
32641
55580
91089
99000
118151
41783
98189
70380
6023
65795
109132
37308
28228
117822
111938
29996
68751
26161
114442
1477
48192
20117
13315
17679
33932
59054
93843
21593
106712
21755
77126
35695
91688
19264
3785
106162
16148
34426
1759
116691
25950
44820
37280
67227
90234
101963
83540
107610
112878
27460
4303
84151
28293
82459
70227
122998
90674
75260
27815
22330
131017
66415
20471
29642
26566
8180
101511
77205
124907
22122
16619
93160
59873
67439
88886
90235
106607
35169
39725
29070
22230
15354
115236
44171
63644
81765
26320
60107
93454
23003
29007
72453
29647
111366
88594
85383
2676
116328
129316
123785
9960
28875
118800
19562
127452
115051
28786
48264
8524
107041
109327
115187
60002
13616
13914
105742
10587
104730
99653
122976
100652
54556
40489
1559
33270
58248
9603
78148
87937
78249
106289
118495
69842
106118
61314
37597
109055
81866
78193
4960
118864
30744
53927
28056
127915
67458
39273
73491
128844
62509
93593
60105
44110
128095
88008
14933
38411
12315
18554
17912
56522
59959
113725
26427
23570
38466
77913
69579
90319
112539
41549
104445
49029
45226
90699
37788
119960
30257
92490
94040
108336
43935
49037
62148
98336
114276
95641
104695
85456
102047
103045
81628
51573
23428
4151
93052
52015
91717
15664
119213
104877
117865
11424
22305
118017
126893
88013
65776
12080
115264
94388
97642
4596
120891
55954
55104
106612
78005
97641
106774
41359
60519
114765
121986
41315
2465
122588
49948
108845
82700
68157
88826
57323
32745
103651
58451
29463
97917
11413
125562
10202
78401
49605
7424
3240
117754
59357
58167
101810
17683
74174
44484
59778
16981
47764
2994
38481
50476
127695
36471
72971
76656
127333
5515
109187
109536
18965
27322
49198
78246
9947
85272
85908
90397
51995
115037
64145
39314
90453
115480
28840
41495
47746
65253
29045
36031
63979
62650
31930
5537
30429
40661
109914
32584
54071
8480
5439
50039
73085
117963
74949
36875
65752
46636
78840
74326
101427
20173
97087
29546
19785
89104
90213
108118
3658
41866
63779
103941
28576
113508
60869
96789
32088
78735
130623
85534
40906
45703
130815
76151
109417
9135
72532
79256
72720
112272
4815
97963
41747
52231
112058
37495
2691
98091
68305
72143
20838
17764
4229
100903
57396
1497
60109
101438
78239
72576
25555
83497
50398
30764
2839
71365
118466
38642
41539
21071
17707
96544
22106
51408
105514
121136
70178
120911
122929
41346
43881
92302
68868
30847
18088
25722
103421
83114
119982
50664
50755
54728
56089
14023
4798
105670
7405
13240
21830
70844
34334
127076
81941
37766
53379
10328
90844
126094
102706
19949
41450
112827
36960
120233
124204
111070
118641
77013
18312
15145
65920
24802
41336
60966
104092
36441
77707
29196
35123
43010
60297
83422
63479
74694
26633
53652
10003
21023
117963
56955
13852
124797
99868
4907
81315
47491
54805
19441
120981
33968
19994
117196
121290
14363
97431
33617
90892
57756
92729
30921
7437
76158
124212
81036
67713
14831
94352
64747
107497
1203
90286
98976
107216
69203
49160
102879
103270
28162
115082
6251
13016
43538
108956
33205
111850
34774
82113
41142
45690
27076
71846
94004
75664
115373
46586
2601
82030
53995
18119
100376
3341
124113
58107
121068
85184
19712
119604
90071
67632
85503
80229
96199
73554
31958
96173
85696
18941
87662
67493
128902
29271
24358
48341
96898
55092
59948
32089
48139
81504
15395
62916
47146
5328
105678
97516
108951
80047
22611
75146
63640
52538
14372
100033
63781
9340
127886
110022
105356
113660
74944
93317
81267
113131
103055
105933
97726
87798
12869
74697
33586
66053
84576
112518
123536
13237
84934
99023
106263
82702
14378
31255
27750
55143
7922
34543
129489
100609
69951
79315
2801
120763
11382
111900
94512
12077
30699
103560
83990
40226
80832
84721
122982
59304
20837
91484
81934
65301
66964
24286
104592
59430
96461
39757
71103
108781
89626
64127
101919
106595
36317
27723
29566
111716
119210
80825
108318
27855
70271
55289
35176
3055
62130
92782
4454
13985
58034
48578
66679
89714
76487
3982
68667
61985
104318
16012
80637
24466
9532
65417
70450
7349
85654
35274
65430
75986
2751
98000
86235
68907
57335
74008
60884
3287
25378
83608
90923
9730
114627
126359
26089
127694
39697
44693
77104
26675
42530
57762
20713
89966
102069
21816
102285
71594
21104
121787
41044
128567
5111
14695
9743
121919
28769
19824
22580
50708
70631
43501
29310
110907
24277
65365
49548
81880
90939
53398
54664
8305
46713
72325
59567
31269
73379
19083
71235
45341
36942
24626
84148
30342
43485
111683
89925
14970
57590
58253
84318
86330
100074
10115
34401
102311
58916
58398
74323
121297
101947
9304
96890
4089
89986
120912
65264
52158
114563
59481
82057
23530
13297
5395
67388
119983
55475
91066
50494
21993
1468
18631
120847
27803
104180
102589
111052
88465
95348
86368
64869
106915
76324
87721
24760
116185
1128
30658
72758
124468
108484
80312
65537
54131
26298
67284
60169
87455
128062
29116
3876
5825
45181
15608
41293
51788
74494
26737
36669
47795
99492
92257
58577
114814
115951
88369
21549
45109
3895
125608
89432
6503
34979
87322
126662
52192
122242
16061
129128
60084
18652
15036
95465
9148
124224
79135
47491
130198
102320
103816
81478
94951
49867
6295
10533
76278
100631
52430
58746
95891
47039
91783
98489
88128
54136
82706
107769
26670
80363
96735
115552
81659
38209
130215
109945
9670
86205
107626
29794
23852
69334
109468
83836
31240
122864
86923
24292
109460
109696
54131
25852
74194
113174
53335
62919
16151
15258
114270
39579
70044
50517
104643
101102
19340
101105
43783
101735
81334
16340
98291
66430
10898
3471
82986
113039
1941
130275
86421
14054
65312
128291
1407
107769
26286
74492
27659
98613
3479
71950
101330
125588
79464
128734
53767
72206
117106
13356
69458
57166
49718
70047
91369
65327
75287
95010
16162
48152
131014
122350
5028
36193
33994
103895
112226
90124
100436
120050
91250
115243
112938
65731
51071
96293
49982
85409
55702
77015
66828
84236
32979
29821
27812
86168
127744
30111
33960
66063
92439
110381
48356
10317
30976
44208
89283
100913
39989
31708
43206
72454
68754
95668
14515
111553
68675
10010
105057
95848
16155
79565
59423
108832
40719
64398
16414
123039
27723
62042
129576
33469
15147
27786
28500
48566
116102
112442
61237
123398
130664
64031
117454
11235
97340
123794
65567
64255
52295
90639
105982
47492
30189
88577
84632
35394
125858
130167
98744
66914
52133
28323
85573
25430
108426
119802
63359
97338
106182
129161
98813
72365
60515
26940
104548
74434
121411
41163
109224
8175
119325
19836
68855
37538
11852
97671
60857
53117
62416
103393
91728
126480
111278
110130
95972
39892
65353
108353
34808
121752
81923
107266
54733
6731
29386
83379
99122
7362
28277
67231
89769
124544
80569
62238
76072
10823
107070
108365
1508
90477
61732
47635
67939
7659
78312
98948
74578
101503
104649
4779
60368
126351
94026
90006
100158
29920
106835
35240
88102
117551
122389
100748
107112
58405
21917
53195
2474
86635
47341
59655
125219
39245
75011
131041
2488
100283
20184
2937
45428
43090
21550
102032
43734
21910
104178
27757
51022
40468
80988
105619
104709
103457
26680
66737
110356
102244
38843
37300
18723
61817
30555
129670
40933
75567
25765
32738
11484
82465
91085
67108
19784
128089
41245
128716
101670
60246
44676
70965
74525
23636
20849
78665
52272
5323
59196
55499
84448
73884
11682
7851
48016
16567
106770
23673
114435
89697
40144
44351
24256
14145
57887
122630
128544
98373
106863
111292
62927
125814
97433
18316
119866
51789
83898
78722
83044
12614
43316
88241
64032
20822
56604
16265
111859
106226
37590
119964
18453
116400
48338
77822
103253
65327
84529
130979
97428
38510
93890
83897
51756
114358
3417
71546
66777
1779
57526
129878
122921
74689
45764
33281
26775
126445
65508
83188
96245
52690
129695
25622
130203
89359
83295
35398
97256
34281
45505
2606
45927
125810
90758
100297
60508
110869
15069
9767
66358
15741
125056
10657
96468
1673
33553
111969
116144
82818
80983
105043
76756
86022
94816
36588
130794
19205
126829
83734
37682
97608
5914
109940
30973
38270
82595
104224
31053
68177
8859
12956
68179
20745
11648
28145
44668
14940
104144
66906
99319
76999
11332
60576
1164
116875
69700
69301
82034
5563
86794
77210
74374
102623
51684
69898
17074
99918
45215
26740
14276
34332
130611
54654
12534
31752
15306
54039
16053
111795
33434
69130
69808
31105
100781
48198
31933
19225
85630
120161
46289
94319
83955
15394
110419
124259
101013
91763
70068
102133
97935
16048
127145
45373
61684
98966
34224
7525
67895
64778
57544
61577
127253
93806
32883
52193
113237
113263
30279
19508
6272
4947
127120
114375
73259
112334
108393
112169
46048
107416
46150
97957
56992
8504
27069
38371
81787
37358
86268
47146
126391
29819
107953
48785
2866
93412
122900
45579
99502
110537
52228
85787
38784
59352
110261
8112
94190
10539
53483
121667
47575
24373
47744
8801
122236
108372
93201
113638
