437216482
1521479033
1364372903
113108091
1213068538
1877543966
1455551260
311181361
302856661
1793481238
708645997
1395722158
1973583663
1541034545
1288389871
865749858
1671067448
479252174
1679067985
158760155
1782405442
384502498
1925904643
1802416496
888852742
1182581310
269656520
520747534
1798692633
354878741
447579026
1238153471
218497769
569327881
1695695168
525079212
394258561
264960105
265778464
702761276
1591653406
319894764
732633653
788525377
475909275
1126169432
101098595
322004084
1372861744
1797101553
707347225
578260065
1585344818
1142608929
1234021654
1491962658
91600671
1556388563
339223339
1451184704
751661461
1533723740
500525886
1248552580
1947551495
870759851
956585453
1591326989
862031942
111120423
611745238
139290998
1591430972
561104447
393682523
1927151858
1899165865
181022642
74207513
1097774302
39176932
90899076
550808294
366644569
1971953461
939726739
178417151
545401969
1711815790
1226840160
263127024
1501433544
587129701
286067217
1826359021
543407707
959427794
1621355415
1696470141
305570329
1977382184
1771978840
61862382
107850255
1401232258
1637619318
1815085414
1235773614
775442660
1878837770
1531244121
1735465822
1046179205
1147818214
1402496255
1460145269
1550156340
741015961
943471003
537472265
1221573139
1550836737
1340350408
1968422002
301563304
19717561
251655091
343753260
1621276474
222471192
1439512441
686483356
643692466
611804267
121649268
603488829
698676292
531112751
830000838
1295127060
1972768080
446934424
1043176148
913628323
1622231456
1972647279
869488279
515891323
20349792
1048170968
1915172085
1443788263
194859489
519902585
372984750
223267244
1887549698
960242474
434795154
429182420
504402844
864718510
630132359
1225916043
797324635
1335229470
1526623661
225568077
814151447
1759590976
1128252325
1435407815
1023078025
736681877
1776249616
219150148
681558662
1329253311
1108674931
299929859
260291020
888873228
1011961911
1343081821
1522909060
26703204
1597721334
241084207
150460384
1083829377
458690494
386135217
1978939766
638786685
690661882
243442545
1950891829
761303289
1847605178
1256153399
1670176589
660357739
1453121089
1048469946
1862012405
1215926432
715309241
1640518322
1078048051
222403607
1389382526
1343881400
1102481443
1125043074
1312722117
1313813883
964825634
894999065
768390593
1519297867
681664954
1238245758
1650241064
468281076
1634905671
655371316
47857615
288466672
1048952592
7707057
292361657
328514152
1401050434
891162056
1502251763
347710941
201379882
222968626
399684479
138910156
181573330
1469186078
1397925228
1050733388
1634256719
461190288
1837593416
87530236
143005788
1409101108
1810440176
1416938470
499816616
1732888452
569356647
1258690966
1085441777
263154841
671543956
1636717716
1473275521
1026270249
1123991470
909429740
278304803
1867292769
1904198843
43462137
555098765
1906591702
1399953754
912776729
1412942470
799234494
1534995256
1943393665
491785374
144427993
394648344
1603764368
795491099
702302260
652293518
226906405
1959143679
1856005508
1038981436
765656678
1166103060
1348371717
217360681
498143384
942656500
1018230922
446992189
1990297844
595080968
1709355221
1865983177
1923682574
712810371
674211479
1262790219
1648274413
547176392
819033589
722762157
612884019
1311541014
3962329
1218756849
239756449
1474101035
995133786
536464882
1632929246
102288141
1117836859
257553665
1322328139
1253360487
486292018
607361695
515775120
531764368
1711915621
1931876669
825935642
1166162123
1509970249
1522144213
358157007
1068455238
1026011382
1204906097
1890349066
1341966925
851099627
330054698
1387760570
1024958482
1764901841
263420991
1687655315
305131598
119130960
545322614
1642722818
1764768146
598981255
1918245506
1671324602
975498665
1635496621
865895307
1280509280
1212222234
928128312
583104532
1730756246
11537072
1223391811
260217406
376350096
111306683
300390031
283352138
1661105509
493477837
1499503484
1071837711
1501839793
1236727493
566473977
689295830
532379717
555096264
558936986
1725362152
1594424451
907354431
1973061951
927855658
926027508
619902753
1092776672
441454071
1669506283
1756559169
62885113
938392466
662452701
981461234
1203529737
963423661
1507709263
286925948
1551017000
237657359
1466116944
1908114609
123164741
1588745483
1287687036
987682476
352661074
1130947281
188162210
943712314
1223395532
406840229
1254456972
642242546
890440334
1837755020
840899032
1666196867
1169008617
781802866
1802221245
472727379
414974915
1738995379
156058410
253795917
363789329
912181149
1554222450
1160675549
1116272754
1912581028
915394850
89780019
770622719
1960010321
1294391330
1017699199
1654461767
484557925
1351528021
1824879191
1068330538
1923860043
854426656
1210965346
1272685035
664569170
682490871
782210026
1315538708
1322148631
1671744687
1382025806
451122483
214727251
326099625
1882474473
815751011
1244561273
1522094448
912145789
423272209
896645440
1534239644
293617875
535052102
1169474594
19744994
961561914
261923370
225259591
1981032182
1235579813
1143672534
1849035236
718979775
1866296556
1145355915
500302083
1638582089
342363804
1198717447
425256649
1672252385
41311133
1571560318
868002569
896913175
333219837
156289997
1548847993
1187285171
20268250
1933835207
1025780622
405239589
525719717
1725988936
721516581
1105861342
1475136480
1219474242
1365847249
1894796858
1304592921
1532168884
1790365349
661978407
1249974373
627548977
1808709884
1194671176
344403049
820120820
1015914403
1299487784
1978348884
1134423317
1245413918
200189434
454076710
1288028732
1374496163
201738656
218727099
1040187739
1589693078
1242569812
1027820120
785890336
1756783224
256953181
1121786009
1631853016
843418831
1400391567
65723459
42684038
1085724886
1265322422
542848305
1183292559
648930864
1686441850
1534661642
887860980
1202254976
1824871145
1192742706
1120876258
1977238838
1467930922
117750672
1473861561
758418443
1552591616
1844295801
459637860
524442228
1294819569
1079836733
491767191
1442697946
1922715635
299972353
1945194109
599497663
214299373
1028180472
148940057
226943014
1695076329
847270790
949063752
1094652486
501699016
1831259138
1621152930
1448614063
190817291
1910677720
1726700767
1679605043
801699343
770942915
311088122
313054065
1998194369
1795750036
317501531
944691363
1062740093
635840227
1823751633
1522297744
1639357306
1973634757
1754516786
1641416144
1163563868
667027552
1627575041
581267507
547679701
1203795740
227270312
184525059
1809490101
1637031322
1796150423
1463167735
508103023
1267090703
485512988
152407171
1599816804
654755803
1091358287
890394661
215822685
1149413177
1797230026
624723984
1161266632
717863115
768375170
987442342
804970600
1893483013
1892581761
1539576140
1314757727
404190218
364861249
929474184
660024154
46585346
616448153
111376752
588351380
1947924750
1952183176
32672009
203254114
1827394221
1614573461
1789858305
80556659
1195901656
67744021
471909374
1289493171
1350065638
1054542727
314647712
614429699
1165997647
93562556
1844240084
1361129955
1412593597
525183498
1638562716
837852567
1618948080
593838204
190760631
648039137
1008629790
1137532767
335899795
1094284456
614155921
121676721
1061315522
980391796
1503960736
1509460096
1629843735
951539424
915558021
1526598862
269628868
1502344901
1256418255
1916491910
1250925997
1250167193
456177549
679902928
31084074
256791729
455000993
1326438361
1818353466
1219712075
1820834427
1704252312
672208857
569810501
1874050539
1066212628
444367411
233201739
354076248
429783304
1229485222
1821538371
785059003
1145394932
1895401011
969979320
999728449
713697176
1451860540
1790695287
1871669726
1227139926
1262839732
546392542
5978698
938326262
967732747
1332702306
525548587
1067449655
1984544181
1319397174
805252792
1185370053
764645559
100443290
1857724353
1000811052
956907345
1567558833
731217767
1428572019
1702472910
96997867
1650804067
568546077
1942292252
217061905
364298633
1031838911
1811461843
1397380098
1434600592
496760238
1993050246
1546281457
629025996
909550493
1321875242
522722040
1967241558
1342580421
1864627051
1659215108
206806717
1588354759
28033221
1503135308
1419423645
1721467476
1724895743
35612931
1368403460
276085541
251590105
1219366805
62979089
823164362
165341147
546110588
1793639426
1019130798
1095080940
1342585996
1474209314
1710540815
1994987519
580295492
1463662081
271434007
1792414373
546459745
1807358542
286256026
602199162
447554460
1275112645
1858974950
1009353364
380862177
1110875889
1015675681
1437491532
1212492948
467306339
1131850992
1189201666
433585390
536988806
676231392
546172220
363117679
852370844
750048901
213524957
1160285485
526743952
302039317
1536696279
301005115
1991672590
667024143
803388111
979614161
889461570
3875015
594832385
59758632
1851819790
648500089
1079424306
1709609301
681677796
1560713938
385923437
1374387492
816272101
386525131
921682043
1737894582
385178857
1451225881
369123409
793266876
1173568622
281546523
544758835
730700377
1629891242
958093331
862715490
1431875546
701980070
1650167569
990202948
1750956733
170791513
1145497814
1348858666
627295090
1345925456
1461178261
1112189944
1482713020
165443027
1641760573
1126997296
400765421
1856901734
703298056
1557592298
540015536
24216578
752962506
977599283
1641466422
1991792793
845015665
297711165
1057221698
765147053
1481356547
1775449021
1635759683
728475003
11016357
1718776983
1174287008
1311156723
39190475
783629457
1479504391
1668307746
111954802
104893075
372050914
257542314
1999393057
325309336
1399708496
73701123
329039599
1930578234
887493405
915538502
128283040
822020399
844043050
1455722449
1840072887
1289618020
653501124
1283546660
1546668699
705978584
1744396807
1991583040
152825921
1833869184
1041512840
1104563058
237863301
1039216344
1271319765
1135101519
100695117
795457498
1409139137
73967445
1315805434
902484500
1986795928
48719127
1291111850
873198951
969410441
1566458497
95222302
1569301388
39870682
849311024
743435211
1558580246
676119232
983544908
341805150
273313063
1016726567
1364450226
76640062
1705385160
570284208
1805797709
385847623
1606303169
1377170771
583879732
296949301
700492658
1997365201
1080289519
1622184429
1132372214
596402554
16772886
1854018281
1558740308
599337782
1261016248
910015768
1239326705
132123159
1879782681
255199363
1095355406
1200354758
716315138
1565078206
645018498
1037032039
854958571
1602899098
1265312513
1266219421
871037729
871137492
964733225
107228814
1530862973
1988688832
59485890
678459591
85611362
78520940
1869072691
594163419
853635820
576305730
1466715226
1923945605
1534682741
1942859087
1003761258
