71262974
103340708
53258042
37493993
56627887
66594214
3521017
12901157
65469383
48331442
23186807
77078608
30639938
69669662
94406058
6843425
55065904
103003245
104071786
37566117
76235082
17201107
35026883
60255250
53787168
6928952
68251633
44520817
44044967
38627393
73707313
88304123
104988389
93101924
92175562
56345030
19746695
80453993
42272638
46287837
48959190
64890225
76429320
97546216
85574674
9316515
20781675
94663587
34007400
94034103
592828
75712769
4385484
17955399
52796626
102808277
95987528
11686541
38199590
97782287
105341572
16202821
86560917
81802341
100126624
14463693
19574456
27461675
101466197
92038455
91108579
20503490
76760167
70531938
84556400
86551477
78501878
15433181
42171905
78660874
100605828
92124000
93384872
67590457
40387825
36768533
81349695
36815696
40121327
99868430
23898495
25664861
66950434
88181779
57848562
11655293
26849813
21075022
5901185
74652746
79666592
88940510
44896282
53556597
60429937
20014982
77904455
11188267
10079699
51720895
95051566
3435170
92681081
89127247
82192415
33226733
26968837
52937275
95984526
104086832
17505702
24007798
93759469
83716375
101456588
14760732
30122530
62269338
84701599
12122774
101911561
4485755
52974015
77471847
16949530
67337446
47746255
100658074
36294150
49361212
33382710
19710903
90951288
103184939
16657022
88665071
70504583
13192626
31629821
67847767
18242915
46763379
10491511
96538542
11940216
51583828
101922860
11578651
29912535
3599563
44139944
4256751
55286205
81796630
48466593
7781579
42832653
69174386
88719459
86233859
7057472
20413779
51833155
92522917
103269257
88153089
100342426
9098570
26392673
30879213
43526759
341831
27934104
12830062
85341216
102470586
74262858
11653800
93857287
75884009
1475665
43752613
53626505
85693100
26300670
29472161
7182535
77392598
41331774
88948009
80078556
51224541
97562775
67124113
30162253
24624614
86061337
32177701
22665692
14735986
54326410
8431268
47354417
33803390
90358931
48494547
59621977
72122438
82418424
59683478
52691255
89835751
64406824
51743595
56209174
51680914
73492346
79532461
65818180
65303048
102764324
25377219
72274041
76078989
3086646
42860517
66374031
85291981
33701611
34764244
40108319
27164301
50794132
77746397
89703498
68207646
100444805
102169493
1832185
38717117
30184779
100581427
23366277
68732378
44239193
101366539
20655894
26625813
68534463
337869
71541123
28517313
8937432
29665221
30904081
90900568
92901492
12229092
54811771
3247041
72607238
15680864
2848987
24606856
55721800
42927778
59003850
50288621
41473178
82373779
71813712
93669095
96510352
69592674
91647459
9179886
55490455
47142169
99878123
41420825
33106397
33651762
84360829
31178097
80145984
52916643
41531639
31184932
34307829
53952612
68659913
60568681
21976225
70828637
80529165
93581475
47314684
51523280
32196791
32292768
77689576
69966385
21043378
15068391
11836005
78157
63478334
102060864
86604751
24321092
86091163
76143332
55746496
81331979
65679219
27579885
36795663
10177406
106966863
56628574
46759204
80803349
12111667
9266647
32312719
17012007
16474874
89794383
36724403
95901591
68646747
9968783
84591309
56970677
43502158
29511510
20610095
97352225
38553043
83300158
10832309
8610826
101242524
106074763
50124456
77575394
92408237
86990040
18982911
105158535
13344909
68761290
84175477
21799374
44743682
76485312
20914398
79378849
38923704
18815479
32853152
37271331
45305228
5200228
35747075
55577087
9632069
71377729
95196882
77982160
30849142
43687720
71068348
31246656
68212596
28951453
8890937
74070835
45213693
102143502
81375486
40030382
17693146
64579212
73643498
89993672
53170248
31576765
24085911
90909355
76412965
95502961
85663495
80447253
19090845
13111361
93942262
56721618
62053673
69000072
16331952
49466088
56879025
46982657
89674647
105353409
49326904
45284197
78697980
58789194
37571203
5327928
51461270
102838949
102225415
62901515
71542406
99666877
24291737
106935647
7393901
36095121
38614347
106342021
13250899
59628066
67898350
35856180
98806269
46025776
1037322
54258129
31857769
23645201
30636908
88092741
107323007
25303694
102098909
86074268
85538681
96819876
85614911
56389362
105147240
4097620
62959907
19465510
94095783
39638514
42408889
96663004
100938366
22233087
44498476
83271023
73027465
101745933
31349695
31468620
44420048
105028661
20237850
75395497
51499438
93664189
71810157
57579580
107181649
26949975
23840057
96432444
55450343
25745592
23149762
35897405
72178567
75478625
9685127
50804723
96449313
68443680
106904547
27475620
50541593
82706167
64293228
57976221
37772440
36350164
40179136
76688682
42035823
86200798
40870055
78146102
44308135
89995135
101369571
12897391
73112949
49355110
53138771
51063174
69294278
37363316
101655822
41175606
77142334
27130423
76923564
67461913
75999374
94044893
9134793
30800403
29565754
101603225
17669034
33173437
25574458
18770056
41282023
94679566
45589712
16058112
59271372
14986549
28410497
97666780
40545542
50483257
51529237
56524259
9618968
8935949
84815432
87747757
64208651
12289434
19659488
3472427
35110130
28273475
41841499
92128099
31272758
61552143
84656059
36835866
20022438
86913194
96697864
98505360
44636196
103496694
16557847
19167937
83091500
75929370
45684024
33362763
51603918
42951090
19515093
101201923
80918097
7060508
44883727
78838667
40277033
43310417
79846753
28449265
72290291
56315941
40758931
63895800
71633027
40629865
63403187
36959589
43276874
29958352
44962991
48668575
74417927
45887339
52748260
101366624
24026815
76281937
103894013
82338927
91200998
17122398
63672270
45372978
14915839
78774110
19960969
5057974
32764574
25366705
25120362
74096385
103695317
11960464
44683801
23464150
47172506
73617746
48415170
67543779
97311923
14958890
103718960
26100267
47830842
29828059
27370214
72244633
37057183
36677795
82386942
32357381
87711934
63921842
72190998
58766207
80297505
11034756
59620212
80418912
28913957
106566134
107275474
32597194
20211539
47573388
77998267
51344972
41026119
74665317
98529318
44140888
20028067
13226142
42661660
2860371
26224338
89945262
64890999
87546690
30750875
102572679
34820940
48327299
10662187
88331258
105434245
85175142
97875297
71115568
33424454
102494386
90832626
65584620
107235377
93083313
102772188
97289924
69244582
47246696
31500782
49397253
46084413
43402582
37119520
61356948
3342685
5108138
78469457
63869922
7061748
101062267
24789456
82739924
103793560
98021443
77376432
41069319
90132185
55716904
32836455
103862557
73706555
58870774
79360018
64788333
41050852
24442193
12704955
106549357
56699125
79200251
68270995
86710311
69547694
12564801
87357929
2321844
26240102
84347447
70544335
12386089
12429535
100023604
37670872
26059939
43555401
78794459
37267399
586087
82532094
36987481
100417601
938502
95193723
69674682
69087570
92932943
96309939
23336889
60573117
104511520
78788948
106096281
15284107
11677582
14303977
90517920
6851697
30947346
84825011
96402769
50004578
83384051
96229528
106689025
2751694
19880898
12096017
71595898
24970320
49457789
20364395
12203157
90255765
69274006
40747674
69092085
56339061
72033805
104708297
99958833
7193511
35431435
69453463
88361943
65110875
74307377
62141267
92114161
35316652
105819939
101241709
44554090
82510930
51767856
89878072
8264499
100468817
80772410
37395755
78392947
67157843
83485123
90530819
16386032
25996429
88545815
106149407
54373087
43057154
418551
26221487
7614465
49792038
27321673
25544840
66248579
11902852
22093495
53661348
32304960
98322610
56341239
87390884
98889188
51170678
61316357
40224438
56556959
22461608
50734756
37796087
82843738
100665138
76088745
58177811
66851438
32922751
88377952
31928104
4079922
57555695
63144428
41770728
66274140
38639680
42601017
40141114
55681496
7536264
33650556
82967368
26760558
32180921
89403557
75911061
42689039
36247125
63499136
102653659
95221512
26065886
19207559
36688303
103868733
90327204
19513914
73595703
66124256
76467208
70847741
50141198
84379794
55130667
101485660
80986504
795453
40927496
24264795
2681425
57675889
60786026
41607129
5106777
47258796
17014362
51160299
91984528
100600366
78001826
3318891
94286930
79726566
85274842
91266648
7682616
97009012
49085805
73843823
88808727
61906076
19851417
23803403
74476857
13134152
26772173
48615973
56337729
19621989
97527016
20202540
36637570
14394534
48741030
94928835
83893361
95725786
40834311
100700823
85161293
3464153
34721759
8423351
55275370
2536381
49629421
30443358
37533034
19874389
52307257
29735629
18189248
52188007
66916523
13706828
49010038
107034722
57414524
103504159
85990983
47982242
82575944
101157726
93177814
4782453
41551202
93971788
52444690
54859480
22457129
80040084
85893497
23094830
80082098
69023274
53194271
78401988
404116
14905606
49858502
45425902
77417869
71600110
18016720
12834891
46726781
99169623
17423712
60436397
46632275
48841017
30749405
73222548
29686615
74037575
7069198
74900869
54596069
85229583
93186515
43308826
44301917
35370618
56923193
79505122
87001454
87489489
84436176
33345640
9106744
73648739
10639678
91513125
9152416
36414684
68195844
87376237
89851434
25085789
76094592
41990337
63730816
81770307
36766489
