743124208
373492080
351569805
952922671
884868901
307216587
1064115636
531946955
870628354
1028057274
603813017
228058993
142597570
87323377
811284062
799444575
383076768
1063727898
721596676
478637580
263146826
432246738
407605710
503119408
397659425
159791739
441196447
65477172
307142396
330186797
856915393
962438505
201617445
412050671
315583147
236263881
664764585
252838469
91952750
498687986
31904170
585063051
220893766
925396230
1039161568
1050241360
913104448
518100674
1064554729
131505656
1056770281
966928090
474150867
687711312
516085924
165028668
199879921
608341861
726446498
751482627
724401331
268250659
813289975
654754747
815283903
768337889
81299601
95615791
1030317882
969707908
175042357
791212236
92125754
68141346
768259218
601227620
701595411
394789022
607920162
508767846
970394647
782058484
652695734
91204134
869012706
137636256
582989746
418397755
815998397
379907474
973312770
706187411
1041887631
456088080
126942390
206423903
489338270
224003263
300986455
861988271
584130156
777076015
129338074
499222058
382725333
173501109
588631963
560339309
72364891
781647314
410547503
962868203
254288401
281793829
208367475
103358557
513414100
1030266357
841874580
330994575
113707123
395398164
884704452
518145041
940821785
818095661
67916845
1012845534
882821258
11644892
24007340
955758131
1012982465
334963714
594228477
353797223
881869782
366043029
1052087746
1071465510
3672607
377003947
692977913
427783602
260901586
160965982
696942897
845050484
67392804
271905725
607774812
231645584
855125627
303824800
275631818
757808255
590973559
172171840
561378708
862609261
631795203
101794543
970316719
152706398
904640631
836687712
843365403
807018055
655028169
597135644
347793601
305621188
270945363
428661814
449929033
1017219308
212828478
506959889
118824977
257480855
5751052
40024134
895884260
839828110
103823429
628522808
916996272
1072037320
432142886
491177195
182994767
74476866
854578869
372762063
885930377
268628424
554119433
638540453
1060360207
905601163
381924649
969064484
1048599766
228858143
643068142
664679974
1018334902
443663975
201884883
733902997
905025419
270657140
31864285
579369382
801577380
684106141
750594490
302454629
255519557
866320897
1062492837
371416427
1059628365
221050101
448941748
678578834
840501532
816491158
262206861
918647986
262617215
847390137
757911094
37196888
1002204543
532343407
122824863
113959270
274260910
745834503
749618372
966168087
140529175
992357834
183706868
403209760
916166329
679790076
338307844
383551799
1021596405
402492132
187259074
776539242
72533311
155689473
415217118
443336835
284853595
896811632
275704547
662917290
34523401
483821154
576470587
56287046
981444486
679395820
381378017
314885938
1017913079
1030013734
854221967
821929841
544862291
594412496
453759519
283391038
803145706
224251265
154720231
62763486
647261342
46607867
471743119
13206353
63536645
940044397
784690637
883000546
916681823
164210177
195878066
421663627
105853969
720373169
158698828
633402515
500768804
286751086
1064641391
153409282
736883588
346985054
967959500
590783464
951875835
180247675
452234597
860564530
859715625
590865686
568699489
35505259
995927095
115842358
883134935
758889943
186275000
831967179
583453249
1045814460
375064572
634580524
679458940
330723002
89590738
841420374
1070935269
752614446
411486607
103922185
339745575
127129298
569277444
21313788
136407748
1073421685
232704427
782693305
863452588
663484967
619103240
344880319
119911152
1047745980
3853381
338391033
639969550
434062325
715853862
1013700224
88787635
253178290
805339863
907270381
957584516
533707839
272671943
595312381
138350163
215644866
1013851138
74655621
547359966
639185286
386881739
817348413
520890031
921026290
553857142
149045377
127405265
662298227
443819898
595991283
701548468
5332903
643255273
990515622
221636093
998326308
117340684
351424793
713767901
217176820
1033728741
442591352
703171884
333208771
91160500
947683153
86261990
914016490
1021326620
217535583
876345988
186443200
605095230
196883523
389026014
675547913
910424481
177949652
878515585
997536980
754237873
962141263
640160683
557663055
695297697
517687400
153207930
492107416
754886074
259707218
263289785
1037497938
194390199
21770047
436425306
581973031
966298659
560271682
1059642257
765502467
432342451
419236306
258082016
446001678
407609207
429284790
354153201
236695157
518015822
778309963
898401954
972165375
906928035
577315205
748202924
361174870
463750413
718186486
1003930077
313440208
836364611
550140299
486897647
274048012
558423841
980271626
341173468
578173709
695210935
840243949
636706015
531049408
1004996134
395697921
932998525
370991606
74689910
752417698
558121813
388527373
224749268
474868789
204916671
854111351
153067074
129004608
421508707
305395774
32745296
82760500
805636350
1043917189
85872136
460582452
367471027
869740241
871954545
686047690
946130718
774687602
201874110
150962644
696863230
317445491
775043908
4001986
100401781
208504883
479520684
585796725
788243458
270440541
978205391
229685268
812717793
470231758
1022323781
244536040
505843690
258024914
994576746
700079839
767291191
348976231
1008364965
616263880
950939343
557318595
109834341
282616048
932732385
94043937
689860783
618588742
65512644
904144517
421796891
416826034
462342798
1018655560
54651819
307524598
352265992
774719613
859047268
951029884
286573917
968617585
664199319
809648612
188964024
976475902
313255600
487908464
363655367
71670354
837882794
496044485
521919082
896233202
44477504
909934506
624118245
399414914
36635668
341782533
818947841
588984923
214005511
703042862
597743901
338004300
645868232
533763322
811196895
99071319
198305410
1003582844
694621643
844354770
238874637
37231723
610247079
526721995
924357445
813779883
253468960
631511937
64135550
804117385
347473546
382354090
801159908
707545674
405476176
321818477
304229565
403561246
274329781
58849043
1059514029
697729888
48565484
464267578
568854832
111107348
645839401
488665332
728332054
384927970
1048813555
939165450
888976057
1012743209
460464158
647890491
307355056
727445989
668206232
1051268823
382093406
936864180
888922208
264370352
100480470
157015469
135897517
175481270
717801605
11680679
861361830
922586260
400025730
392142224
192355114
650525748
821999553
829033795
535066302
210799158
315771735
1004707016
169277328
557968969
232659748
411020679
927359758
205509523
373495282
448734243
611957938
74489735
1047660457
665150703
65127032
421957980
662514836
541516337
119553057
666012162
609108457
1068426279
1007015107
211235815
288601634
311213007
851209675
25358961
616109070
647168812
275490724
539207793
196868633
687088188
842405036
73383684
512557836
79645444
539280871
437133895
1049671930
351617032
290418766
823543071
75351235
803476312
492194842
7189447
424306562
837724599
257943496
172439419
1036022889
52337723
1061003812
446440336
97848661
452474434
448274040
1013379859
967913363
232914081
535276770
446175839
999534192
1070751186
863678145
531109762
766858393
1058110097
440263522
195732605
502646573
990898469
421286489
812496032
225682632
346231031
979283428
862824530
173350368
697708167
353350049
587850883
767336926
1062920728
554547863
111449814
62207566
734251304
845882718
519823838
242197009
629788176
1026467972
1004882484
230821953
528482590
356158794
167802536
504898824
990579929
444438369
35084084
749754349
274403169
657752482
1045055682
451999169
2286269
615164150
1003451766
501611380
137114839
243189863
109376010
995560594
1055443836
217706899
418423334
258214717
125795918
1033993956
461010282
880774382
25159044
537362143
672404859
470001525
372198503
57110899
8640203
502017278
378158753
934814915
909294329
480282201
813379133
714532798
790928325
572292214
380072076
572278313
757042511
976875306
496497099
437836453
1045761925
485161999
21217434
422046139
850424172
282748894
323053744
47465219
694249449
493584884
768439101
337399446
539533251
94889646
1063287803
588376420
395639728
177709162
74341022
1046693186
540158810
198512388
188769584
516543384
501145176
493202475
340612844
723603680
235302801
206033793
232477519
999752338
399077604
818798756
173335915
1020489456
702890657
340438326
645028200
191175401
631166952
37480903
234252606
747556066
912911839
61027487
646171088
1070946516
520963468
872868802
1019280402
594638901
489864781
203693326
890046749
539964757
737516802
143068796
341191362
83867500
724233023
606750722
621739999
67403518
591107422
84016464
675659250
721205606
732493544
954177002
870850642
962104892
362465569
872226822
188334970
933958424
8555040
785110741
344825153
145458563
1048227268
36356214
314344501
99060999
410785447
18978159
993275590
710099488
752529145
715698152
572636413
46842391
334159805
708820569
354302862
151262295
742663349
208802274
244818548
184389440
730579676
1057118435
829771144
1004379851
1036412968
66291419
834953405
870492887
627445128
258321878
193770818
63497071
671115919
130992490
123781616
352932026
167534926
950793640
266257453
476723021
509538144
909982133
212600413
914637341
5038010
752016449
507113964
760717707
886200536
67464101
239109989
47914118
59947581
141040224
37861809
659125623
34788253
49850678
331509883
133143809
903559271
956287619
946186589
449069291
596430805
959697375
206839777
536709929
223484745
522746636
170377278
316660357
513003832
993296336
1038029193
51653820
183847714
699049471
977878606
138337157
557967658
338987379
667198062
997809033
340318179
892375232
48638819
1017477176
413305989
53617139
745004965
369133723
842810179
151462044
896050135
286612897
387755926
758862736
334111828
303034554
619431744
274312861
397154577
933377266
138333924
323064062
480469847
561251337
1053094886
308321834
861170160
184788149
613165700
1003813509
813722905
262593891
875639609
413576181
519005270
1043987491
60355348
503288323
786840296
496551416
12504938
432057858
940235006
662744340
674422797
751215870
890181813
617546592
34926812
471569483
744980011
112550536
558769545
884903910
371545623
423482870
230560726
337485631
558910790
90837719
239856582
994540870
926628316
856158863
545362279
917165035
341187665
41707400
89233424
499920505
65661582
1018764906
267386267
266500800
632969366
413960808
916194469
1011979655
930802663
973704431
1051597945
722584501
368027017
855647922
5048731
542839841
761748098
208840921
500419656
903741535
673468564
581080955
152205720
219737978
705179083
708469051
643423819
333631471
629463935
898836084
303373907
1065407940
228657059
530718023
140191543
780143253
633128425
174857679
496577301
40207709
57302173
977987145
922440605
123671304
135621792
428915782
194397314
837784394
436318862
546419026
33957981
1059738943
865673915
523601297
818279131
367840939
266889556
123941999
624190918
477437380
362891454
198698266
184790385
1060473552
445237491
1012699447
970110575
458693658
827312347
557343401
905563637
137208677
546276314
776450823
594482660
175502223
343910709
694420645
985339766
556049296
91257597
472141087
851787173
995582745
491816026
335178494
57536180
1033770853
126753365
466636202
424986503
341300597
548960211
725556807
421344859
810471786
783116051
1009402731
212072490
302862703
185126644
400502897
896116764
829913017
763491652
91346370
141023561
232122404
209041574
62563065
1008195796
100605570
466349063
468234639
562461985
237306962
130367622
1047338076
269390880
379498291
715625231
281442780
100450057
822267822
740663880
282751280
894211202
417385616
315327777
592442461
976076641
725747609
449134827
178919331
142877371
111459188
1030293081
589478405
896315035
740782170
740703812
675904926
73003600
521904971
743175664
1005568094
37883724
480537986
202902979
377107785
918801455
676501283
85115396
337951022
532852679
159628976
116111077
160893631
521461660
467115576
670245814
948041190
14500051
562042865
1057924307
112291647
965944002
621672300
864831980
462536523
1012484146
707059095
697817617
1032036108
487384839
632547157
973834663
960303933
480504153
771281130
455925702
687436559
200098439
324738071
678224780
352415759
538253393
218147073
340583686
360379623
458302165
130343565
632104353
511353883
415873783
58487655
540210077
533869797
24775985
644260986
113694325
792263187
944921671
578242827
686899366
18810830
527139456
138564978
1013180928
255882147
259234263
543021884
345765386
340871508
643702174
71773209
846305412
680877798
497428791
252915795
825971252
104477593
419928866
433263813
393607838
611493568
96647030
361830580
19908639
9192727
786938082
875726266
412028833
90443052
845338536
876020016
201446217
892861337
411187304
554128505
137275238
138040653
416165862
221201527
734349882
1028394135
536222413
1048882936
986432559
1035051111
732452404
231962199
48573995
161365160
814996049
995206960
488553402
88128783
555346655
519094296
675933741
471316613
1069694186
240798421
129679017
7941817
605903562
677370956
299544714
52120137
462630229
25628936
1008602232
801246078
461237914
658570052
435108590
9811722
824876896
395564273
707147120
1034062441
686180093
523095116
1008792622
48450724
100657196
711004055
767220042
444483759
26659623
985533934
630428394
104921217
428135566
534736811
860660384
197940785
747909553
112366074
366357188
811283703
241481188
757621811
171043442
670755982
482875040
975637281
808183504
709685222
76246137
509955852
200278983
72623714
320099632
463098285
820712569
683498123
945679242
391787780
761492875
962216305
725636336
472511491
775484199
766641734
369267120
530340184
799200721
719732508
1008071527
107322009
785352346
85128449
634040818
203084217
107209000
155768618
839533256
13826072
385068649
508635663
78606288
56143948
1048998970
685138650
520421261
148726755
394190473
673390644
753757858
562930352
65506074
134819748
845156709
600102468
210192200
1057996093
1037538322
174698081
993779062
575213655
260189798
638378585
233314914
282990057
514217444
220480795
319341269
2272202
799679712
548951807
515771167
190332273
480037775
18103915
607425941
298652314
644271839
825240359
271073104
564316084
808627705
460734445
10767697
928317767
664154290
41043288
63224102
1043471674
321016869
447692457
768088400
1013421506
735599699
779990941
587352459
887379607
979080541
729996386
1013180498
25553783
373132929
575086412
376868361
8119653
42272801
3286565
617179519
272838597
107573140
540257182
776715246
407084982
419091600
430616714
630002638
770904570
940242566
1067080809
326990305
388591382
815823005
678360860
730171494
585904647
941312183
916752630
668375894
559752443
505021795
743343070
508066120
176797908
652818197
509486978
1015953277
832453842
692150250
362956652
640069911
1035944096
604533962
928335104
448793620
883957598
997743944
367429773
69079910
732061566
157251691
576965604
694796044
333696600
547069798
2695120
432776534
164196965
469048819
752365051
919881196
617905736
121989685
961443087
159866102
418440874
448247697
374920461
93001776
265645027
658143919
556969122
470595427
206984555
378165027
588601273
938239124
467077034
428460399
1006766287
1057870318
928006951
777800338
188521544
13681002
395638283
992322531
291182917
13361765
259907102
427928317
173180194
888318279
746652074
112460202
550108893
971927726
1007169954
333063654
99609320
71468696
313954855
877177240
642448540
95515171
48013356
64697959
545767929
35716417
965524055
354258985
968072138
776725193
68061574
989145902
617994264
392544923
731708241
994826031
383837584
704957312
540323932
265470776
441307936
686769461
944037592
844684416
1061369977
494407695
260178723
229039972
759690093
935441722
503016455
316663893
217268729
125541128
138384615
779143491
566775573
966790080
765097999
388607598
27285310
821303086
711071672
649394325
743385405
360780328
502584148
720190944
793507102
578822213
137028488
753806007
713411487
535016830
806696167
4429085
522455477
203718595
232090946
384498444
757970838
967217251
796664665
147418460
1056787509
132193814
694061255
910224652
422483283
601596329
865309968
437283276
366537014
868662743
20432336
676510896
791238517
558844964
391352555
418575569
619838940
68507093
983792828
90862974
565704891
655632552
623155233
320543401
265980511
863083538
146212172
622785077
803263723
407013202
609308136
822419018
625286572
894425685
403739360
599037368
122331952
170567163
76510135
921509990
303074978
611589277
650081438
643769055
381261293
639426117
323829992
261472965
879222708
670728765
241664488
27947642
869201442
627365994
113757142
762911961
557292607
314216178
639759708
754378547
530066193
671566421
353714136
138630551
263994646
832025385
63413673
657531691
806594595
827722884
716398407
336094696
416331136
506718154
429542148
1055737996
895333796
246577137
981508503
382308867
274140637
743271461
376828043
540761554
558158283
311284437
938929701
378197715
501223078
52762416
626207779
832074623
350333375
767860381
1070417444
137317630
41895842
877797260
881801159
1012601629
505377849
319545215
108426071
11581029
127037445
44984180
594630656
203064202
506587303
86884304
987779518
248742962
400733145
754574164
443633868
369885463
275096258
98456036
718735906
176886960
603536284
322044338
710112012
514138835
541439683
765047508
355229218
290695753
140706038
744536651
430195076
940893009
890528048
632063786
766064246
341929204
686893796
190977694
134933892
551051118
779985668
426573710
294398289
934844282
328549702
211089013
652305735
145494635
228018653
448355097
925595158
726316456
930568586
574916871
405638879
237957507
124231940
653632748
237329464
868404129
302365285
401162111
1012455972
867984682
692314039
185518928
165082638
542598177
592436495
813532114
921063188
734625768
581260376
433939266
473749407
348780853
831391427
159358542
335763126
767749314
652938298
940148194
163945076
622819542
851298057
821746899
953592295
820211573
466971867
1069696983
606109285
603009689
612485160
285404431
832071959
112927410
576136903
670438080
987568622
716690687
358246272
123034767
7589415
953935386
963281675
606514288
273854432
867291228
194634802
874022414
300556907
913783065
272815479
829847426
887530443
868067205
869644631
18617129
667064461
965905630
762008395
1041062894
942239724
578829622
807711621
31323701
371656743
215868482
486600164
4498628
563267973
1002876037
876958719
570835852
374193351
303710318
704173277
795968413
578701685
484151194
447008374
443426108
850012957
590687780
46062646
672052201
670634936
320120750
284171312
535234098
795355063
137720841
1034738505
196355335
299917200
1019161584
165842058
942615855
950017062
317636028
565294419
210032199
656949296
1004674987
684958859
540189932
488036510
704517817
453863909
387813268
342191652
668011799
958158058
772996591
109032931
824345198
227364046
290039561
914940240
942455251
454444308
404098188
734056312
953597102
359564143
281386753
466686018
879061175
910412037
881514966
1068123287
466619415
38099463
862257098
999709779
567215224
658830757
160059690
240836535
108422130
869555927
528126478
881543340
1066601720
854938367
395900507
833888178
591524822
1031156595
932432278
703569071
56057295
1041835438
820139154
813410306
127509381
561375882
373719620
973137656
213504852
176481484
47489634
218663440
847809427
482258315
770026201
1060290317
906208506
952106527
567900664
484417801
982792482
631654622
374672872
338183696
968342009
651987922
454141512
565491880
184735762
76437166
719257070
929914068
246141602
384941354
428103869
878964395
1028264081
866076510
336131660
181130686
65148181
917078595
496707087
704020776
299520931
702125539
786466891
737533685
833107170
1037116223
726705174
1035741701
772298488
983331229
329157867
607863802
264042332
884411957
378884958
288795424
419185467
199502792
409630394
760945579
584366903
568407770
120545686
628990761
45079083
306049868
481395531
136528714
320270645
274401338
351796301
474782576
153437215
117161948
407244080
432393878
130254682
33538278
154941338
233320218
890679215
421360706
658188239
902238581
825509504
588619373
1035357577
351000152
447799729
617189577
984201827
695294213
276018567
646684624
883212268
24929078
867378449
89382047
488892101
569931763
229856333
888416983
707453099
912662584
240544031
470309345
218795181
722282218
560145457
63701054
932584547
461017259
1033857621
893879425
1058689433
372127709
59235689
801295791
66078515
944544133
639195790
649207234
68101263
548083213
287453984
411992845
326449272
1006294269
407532818
624029324
787384494
259728626
912690975
807819749
59752404
443894927
430562227
872192423
622638875
264324819
861872376
605795851
517305029
959785273
904080119
253618194
750866100
637117516
661296285
833924873
786503254
394928250
809164456
908131379
878643344
554405709
9339620
159635115
828610202
143898441
618343973
531750252
569172091
63158683
528739189
448688258
416144141
184021238
739896171
134852463
832409120
852729436
419196190
526827189
1023628971
1031360035
407793197
666726318
156435950
96526268
140333433
988097244
101047734
584363031
966514828
942288619
406871331
871710134
296687311
311756986
138940042
437905981
229285865
491920198
1063344499
1006375491
21901854
775131029
316536076
1055238627
296856525
477505586
839329419
573093025
1073356964
953272867
777941473
429164838
67242171
418093547
8267233
622033009
496463202
233258996
76055976
398552895
316770375
455950372
178219731
440411906
777561671
160035734
207794753
830550356
225204118
58419270
38735371
888714130
334086552
772335433
14601560
849810975
218433253
933188739
865898340
601932465
455067199
617559224
269238676
56296212
1055042083
884672057
844790958
1010442075
954344484
976400227
1073136311
828051049
407000871
117188581
673861115
962430219
548600792
856172712
128063394
19089303
911676034
873272766
1057579158
431006365
696934747
773164170
719273520
1015254424
641015016
371438576
790756737
995836210
633793685
369331777
915337793
1037330128
874987380
213998334
547569053
236948118
672025662
576644028
860351828
967134688
231605098
952461865
311894809
136602283
270725604
47565101
242237220
126922488
714199476
453638654
452715485
980500672
836081367
714397922
285361386
1014918535
296537638
998274303
862396795
647765507
8434334
121650925
666158852
683853130
618513967
74427641
159407361
837149321
383201958
334195299
126195495
674950425
699135192
810354763
669486589
1052507835
304705147
506086304
377699515
291416509
856609303
530218277
871262318
44653305
898711834
41981800
967210073
137503197
741359243
743064984
428458586
157628907
738197428
733403922
588629172
1027730846
343569061
505907568
205713254
143955806
911741311
409173432
138979056
901569632
798824015
96168775
554575826
288688828
811837688
715447153
20508659
206564569
119507067
367189564
500510399
471660823
86587473
541443657
423683089
539183395
858739942
18566956
299397399
236754869
258563415
46354844
852969295
530997031
943426300
835448808
269439741
235826230
420381654
790088815
1061697749
180352881
1012939628
573688049
736436535
585736354
20367441
128294810
998397705
834301011
193858391
21891844
246826184
161216168
793082080
107003988
440540810
571062379
150881394
780073682
68881495
430143097
57461498
925682751
252238855
565549179
947968422
837268491
731573995
344228722
804862043
233246716
319329379
975585580
102573932
274055324
1000198262
467221660
429831733
733870031
518268199
316177890
339908331
889737471
742705546
70488962
933144512
485081504
732492113
975753031
306286564
770611507
500487203
239542979
327888627
275080427
631031737
22656640
849767471
655694802
446426179
809357629
899380011
404560690
920785660
80178175
867205498
734303835
967377456
16388386
479704474
190541574
599280492
852642996
868388648
857886966
723562400
206774149
870349084
37121923
847666044
333065378
280199297
152201064
44399693
824110175
156982561
410844810
292283990
425014707
422319860
666305948
952427811
608483886
766045785
57248144
670206993
686720493
326957326
641864030
802376977
850635215
894572689
631835603
1023156641
48612757
94140645
945603359
251502892
294670811
890980980
66631150
1025719067
196066591
213638917
584320711
375338179
540001907
98492253
1054046262
704203566
329957790
105451890
758725152
578623062
419066715
1017510974
267643268
558494869
284960513
494464264
1067689367
1025461352
973824937
78309816
14581867
887513283
349302705
525354274
122965395
876455142
71859048
745169795
942824518
621166937
760916145
535680705
65455354
720555253
509422524
1000091939
1014339306
307876596
891957784
983727179
958435855
675889012
477249990
43095021
270219037
660347148
412398185
689658055
971441604
666888918
997793699
192774121
742936521
282751159
222434778
142999447
522447823
757699904
303120664
309649927
869673996
208952274
1073383923
454897720
14622458
989489736
109202623
497478938
516446673
1036079738
975360620
286404748
155911831
312327655
1066051494
720467203
4187499
179779220
864780645
547907358
676829171
846219465
370223080
594753792
954788545
231331078
21273617
589976104
594427525
504197295
197670780
190222903
755115219
698029593
174961583
958812646
943028949
745611107
850116721
469814643
290711816
168936747
926998386
573663300
900271984
190391107
168071330
458879826
476686300
854282536
595402518
792495040
666029567
778843859
339329007
301640535
347524628
432970515
720086824
869020979
582604043
174135094
177939774
553859019
666908154
662925444
1061359506
343167949
540020241
484274063
586440715
93859073
67187623
563325959
619982888
823415397
866468675
423219282
139925358
986514927
746586257
335415524
585331109
243632799
32442983
78309290
1026755390
236098773
851212159
382592290
27607695
597322494
986614699
489136512
538263362
629512061
350154112
29746148
1062976991
1002819484
271523220
588365718
414586012
457280378
216399738
646017195
941681841
145696826
27675529
212876885
617522979
484809765
1028683456
713497947
283536811
889741211
886723376
66007263
163263285
884749170
449494590
451974443
799623506
977571621
483644157
1054173542
421783455
372551271
972256094
970043039
775069121
56220234
96240110
370131339
984260274
423428142
246460306
870352384
766303298
172121080
1068164229
185963487
619843758
398960363
402850917
131469284
867853844
295216075
798023811
1042875973
460575447
722165168
672570096
640278031
806302157
394709663
196958762
486048920
183258981
998403154
906339243
683229947
590483802
756398713
857335048
118038239
753198129
297075227
105258039
1033033148
880464675
1022299302
1020747725
801339700
63765494
443347426
503763213
622706605
594245447
329186373
710095401
227929318
179635933
185422892
1071698578
149040328
969657162
140937032
544989663
594218652
213647554
818021569
247540956
102436890
317422900
201441651
907740109
210379121
150564835
496915510
338324994
144073437
1061545956
391507354
182139187
806225504
898546436
370832983
279990311
45499384
299008966
626675553
600487350
582836660
655211239
662641144
816425466
805158773
780200704
859855304
306703048
523564007
915049877
414827000
457863509
1069457975
822043196
1039262769
330475959
118300636
207515790
432058545
217193342
479846545
890553124
765288774
669768234
724211814
160288492
335915018
773822851
20333342
836875848
707019437
242445505
758657866
607463837
1029532693
106756731
511317722
480646613
521725648
925917365
430104782
327998722
795159503
28807219
192302613
368388316
114458785
947687668
479808256
75159438
594788682
1059397294
1027354838
92719316
460571074
1029338274
448992859
485627629
625672404
801908505
606389721
693229137
397130298
22020581
563060230
825188973
44863984
479456748
50460880
288405722
16792475
858298673
475866021
870836254
289855955
330026337
892145096
528285024
613835080
1041444214
195540240
892799861
145885914
944852797
693394341
32937573
762235965
232864563
533492036
229456143
674527344
253831393
900605680
275859382
248431
580193758
707948687
989551396
993731385
692518192
808262901
237906259
314029090
591838491
748606430
133654642
172161821
936701266
290563004
131573703
833087012
527305699
1044884528
533890780
22967743
962250172
1013623298
33097350
447713298
895300393
935455175
610836173
80058819
71463730
453917505
752211221
306059039
865325214
792134045
999537900
731991634
521472530
387813249
882261667
684682517
680923469
585194288
662815437
188455879
570836359
855004740
909946731
842687842
420533902
797439050
954958683
209528819
986295846
730774048
618348425
902297307
948961515
45210242
949965326
205862776
759615556
935651924
229645649
657694056
266811912
577502048
196134790
935269355
952763137
839844902
933207156
78653809
316864550
638359239
820070167
439005471
7522320
517880113
427405475
439588583
464717442
921124182
166620673
846906076
349263576
934735356
986978464
839686988
804396414
214355970
1037987587
5759445
438455430
567536048
821799793
612334590
248191362
269493769
646986748
1008283842
839334761
110884986
137842143
708725123
216171575
312158345
434719642
113973041
653824302
1019201623
814642102
810943932
691926488
411844782
277543170
934540104
13914034
900290059
389963598
635546858
961030275
160329979
812195913
686806929
455676685
551988346
1037060391
352941052
63129052
1066750307
611968172
214659289
306205394
11234646
869703245
845978934
35369941
281797383
886061521
959541888
550050277
953693981
153865968
466076323
542558946
988018407
928560550
190921073
542730383
379128130
149271820
365282793
597040531
694625646
146562454
931470275
209807068
834538148
497965607
1069368190
542207194
98744909
476946959
343843466
464074111
382574712
674052487
943702185
1058875348
500550289
856361046
472928277
567256724
929613769
455072471
763130708
379658791
387999491
24561009
91804677
785016010
626703933
744269951
100612598
406968010
140278950
214019376
792764485
13966913
933597852
121511852
635500200
569276481
91838934
835983262
654306336
527638966
362453000
93609023
855512894
464857059
755701034
280056777
182719706
650856177
879573704
161865026
883345575
513485322
582355183
572294054
683966296
801004950
922541780
1001970151
531862159
983411174
923818467
156607911
351368378
945654846
701249837
294256395
364243614
1044171575
1062154850
150254232
809010511
755824149
705107864
610479008
217437031
770220639
537856262
233388092
641128417
159006323
84496247
466197924
85459910
554770636
698014663
571519356
88407895
891649734
880529554
810224971
316007306
307104160
874633842
491408160
