262197864
207722592
38416861
327504759
236439516
804405379
819552325
415411110
186578489
271099944
311850275
14902119
807438668
320727818
874306952
696276415
165930904
524407900
195216325
150710648
202376003
159957663
889746046
812557230
600987032
890521552
690023673
383482162
91754336
364293738
471830078
424132185
55229073
498570724
277243422
75814924
738992589
613747256
397048590
691250423
567365159
350137337
83662543
555660921
197641386
816758663
107722183
582818507
430665633
494358900
798666457
341869031
136359251
866694208
105690189
451188847
176992522
863335432
18805876
483158431
364334269
794279136
458178800
482305511
202511610
204852020
603151089
893162126
533458865
436412511
429769191
464527129
315497570
327034684
198606956
116041424
27768982
523225426
185583314
55126039
52622536
692058170
537431067
417090290
541249703
736173985
746584747
822899771
394944015
771387913
896367598
323709548
651143780
591383528
20118396
67924993
549224475
352950007
317684145
360403014
356618533
556493646
354101705
647718119
653973628
435265641
609051564
347964232
59384634
845175479
892758893
475251197
252341192
486388867
480601081
73987203
436092446
886764547
745839156
663328741
472769352
241055169
512992843
275345569
804270325
169523970
526813764
699689816
269298396
192843297
440867476
183779831
361772471
901006179
245100069
517922326
749955017
308168638
208093113
413496870
598523574
835091883
257765185
597002575
142593914
702135145
822126922
641340594
166925192
637633711
35187279
460871095
610251576
30825434
49211666
780089916
468993915
127207048
370217293
625673692
431694605
856110669
585496843
564018117
844463836
383874256
54802623
899681217
204809185
478482813
577483680
592229704
469266654
870499737
60808681
747786368
711979219
614513588
198971627
470292138
750842147
285477230
851741154
612833866
100242738
468448601
768092878
236853295
250783021
613346300
700229579
236830813
150898835
795805051
727500808
292735908
379029158
240822959
595012068
779337130
469845840
382041297
268602258
404288965
68652727
504460962
336054868
33139986
290254443
77351471
751295747
137800561
610966197
166253105
316090270
159189483
319705245
209014193
185927272
854137002
645848511
834600610
464559348
544323054
244622474
27414943
187912276
724346084
637336610
850118239
748528579
434248118
858441767
425766723
508543309
428231973
352417950
105863076
859383978
147410085
488884016
102590808
257536174
283643510
838909621
720098655
760159293
847342685
78784744
338108979
718050940
455330473
79445312
21237510
884270733
690153152
389750444
848623724
339126314
791748122
899063447
886448401
202038662
109137567
200406120
232622876
857765583
486578866
261528075
617314209
19062015
638957388
856359951
380048622
104184462
869527407
645417422
292546433
867050491
88936128
215546119
292440335
406116520
141351036
76055720
414973283
214593536
775159259
286426354
799012844
507275773
794518145
356932980
823762839
346738177
667292719
43305377
59685023
652141855
286402223
876253241
352261050
695246163
890284459
657395134
125104323
276241636
209644032
122771123
638147948
818283441
678680635
722661764
251277291
591598516
276393044
739178780
360187953
421931061
447444474
668602737
413332518
108255466
789812082
52911163
551180598
268885776
804337050
243704
644465018
450858055
20629271
610107271
808662151
154370386
413980470
464963665
689727413
859852745
205168954
733375177
163217534
582390196
261641088
325923110
311839388
458915483
341255901
306030574
690775273
313994024
776996548
47558262
436199645
170583698
518882573
39160570
638505826
706732944
52236255
671358016
843659274
435626319
187352697
865345701
767320768
97357449
155281543
66904039
578926275
711855536
854766491
676756202
841142821
691343531
703870194
76473275
336704709
470842302
317113773
707575037
155143494
522442187
752464817
785789447
691688437
76710413
392059401
149411727
144936184
849405434
820361235
239517704
357998703
542377334
325685960
897908687
590156924
427653108
408091437
480759021
776202221
142788074
550987203
603780424
188546364
217549507
490197342
319807276
36087507
340320234
622496413
558828257
407944238
812161432
699148265
124398078
477053862
251275263
663504871
61194803
212556084
690768616
187412212
241075874
272299741
424806430
77426074
487118784
491329998
23060149
394633710
401648762
556056350
723542620
635627098
72153165
830669095
808340756
471927630
497906897
539809192
304170093
457303657
105430434
235016846
571470232
834163685
17665121
424410790
763064879
367501452
758966507
460709948
427455516
170388128
721990671
621511827
489652920
732976042
370099649
556982675
458509285
183015654
428132619
812935457
87732981
371674533
126231169
423613625
270081856
82191153
737190772
508198089
892451245
719377786
308584698
470095235
398037893
73876130
483033771
264205767
397080850
539579015
786197260
757101194
694574772
462990379
776589044
643660157
318949326
884577027
872824744
534194343
468255825
814029935
474280603
533314225
602185056
833517645
238921822
795980317
232387316
865888753
625162049
608817788
139593590
149236771
397318223
724073511
582984704
234207947
214346921
871761500
304248810
162456515
500741276
2950507
204231062
56508757
129800911
38573839
498614342
812769170
592594921
590921640
38315097
829259600
230479805
635840064
223033020
35359111
447354228
394433387
622617783
354165530
17201766
625402821
663323476
826157138
841683026
751379807
305426430
832737844
514638217
825981262
309740458
815201552
30409511
80196078
795044396
60487338
417103772
716518732
540253795
258949621
362676003
498943198
258170769
575621782
463145200
763584596
678903117
261047282
581943457
280259314
326103154
384900158
537045330
426633218
385240045
146210234
806431693
173213296
526887623
377676943
714257469
447545060
320803424
266035988
674676270
231042788
221879076
895339736
199350100
844023630
533549106
19317093
139589901
422294243
363393142
213297345
425821844
585432284
84509496
80339283
623665617
627128361
396220937
380638925
842990471
464476871
371606554
76455257
364913634
183987939
759815079
822374056
264355187
391732449
576419501
779255103
809228301
350157384
106012371
573246822
419078847
471751821
337384369
751295149
136538246
84756973
696201016
113953908
683837783
899551131
796213152
543590980
717825663
577218782
199279636
872685217
793233712
844959187
66094552
875767492
866774134
230942897
177419191
45657470
87774696
831236844
167224561
55818616
645487237
886343682
715685581
112952684
338756937
557697522
6541805
227944599
122122343
569324727
899075457
369216087
777229018
149984505
360462195
207337093
794384707
480330672
654079269
128951156
527950366
211738848
40429541
438845669
725215420
663879338
646682473
185728192
449510549
178154917
713561302
199617957
115039741
464588359
903588669
672727723
603142834
456635155
749410928
448106075
410186610
528757315
847309702
600940379
333565894
616360956
4434181
746823954
399895529
873818302
27932605
48559262
188936826
796317737
710802135
579892008
138809143
894731897
557500078
339360225
111222353
274139957
870232971
141646596
739845505
724342126
251201939
200286625
217198583
529458483
324671576
872261177
835046019
489611578
431816993
519644162
368838447
257474110
225682550
726114372
499192702
42944588
395398723
399063803
438092761
489112603
773666964
677163201
90238774
196602214
826805460
342259634
671940875
269732851
532631210
696256733
278514813
447128651
783840714
400371992
679840718
587569022
863058816
16777879
183997237
227347977
364441133
43829078
299169917
71557823
891794208
254256139
284535565
893141832
646591369
619967578
219649225
121822317
479644413
777525830
874739761
665203408
617515800
903014316
271626615
483985987
897603103
857549936
797256126
705579285
894946314
677788604
659242015
852794253
496900303
194234100
311735707
717809340
30218018
899777895
735703257
351524428
258210537
264467318
2139871
686673171
184145042
776721630
10360253
821204556
165380239
198259147
738109947
280054886
11543071
579865308
793558272
205568336
887742103
554158662
482785375
826684772
902793053
321286038
268936006
358044592
795411503
34749892
262013642
4546519
469277201
785757091
864851275
31681672
823506552
372645254
874008796
69196706
103138963
773934798
148830390
623969395
485823988
234880390
419170084
383060755
149457556
627796003
273493820
66985236
789173150
616528983
595214340
111994430
162439841
551443169
263755843
79051628
488132854
668593802
741389211
772480529
892520546
459755756
169845055
607929368
113011993
197608963
610800723
147853710
581642104
400807401
568726928
638518865
403645585
685602111
527121700
393955522
907206522
225338995
695119699
215362131
271865018
513775392
159392329
840639335
892211107
38617405
145037990
283856322
238710402
147003165
92621218
342436268
187405445
8902221
602417656
249085747
300593893
436719512
716582874
580055336
205373429
232329181
878032161
216889949
681449233
391245647
814834811
243739177
8178890
31171996
881896575
196396206
519849205
837259496
407823682
70787992
626953229
307114340
533804948
436013017
886375129
235359200
648164418
536843276
728159361
460670752
672424454
468711143
827645190
406851338
808844827
790197718
42825624
648137262
753166929
826953334
805551170
693158866
609566728
769579125
71839685
172365176
207359253
186876402
412197290
112173755
358794874
351597342
395680290
396103524
753448327
136806591
380042256
606980537
749882830
597701453
470836943
189204413
343059193
691714886
37180505
273244113
374875399
524801017
394306684
322512327
91064261
432652050
901680597
858529724
498524675
341299300
298248677
260328601
117000970
112773079
897145639
143132846
14752265
630644746
879157123
654316505
19471354
318310880
848767752
713196341
357364235
54918687
550487971
1215546
282771035
740556018
438343663
533077846
600644978
164277210
214229398
343503668
7080457
523578132
839563279
378246043
25495765
138075636
33329575
300972111
877579190
690711795
554786777
458703139
808149607
339069451
174773179
