835
739
620
541
970
603
880
611
692
824
781
656
738
571
987
516
719
887
670
837
1007
675
920
545
794
571
696
700
753
602
799
685
699
783
741
534
525
608
592
708
734
927
951
795
553
876
785
529
673
524
820
811
734
639
963
873
543
738
767
736
932
747
828
737
512
830
995
628
851
667
553
753
934
771
801
906
672
905
784
818
869
977
694
1014
634
585
542
971
526
648
672
833
550
991
861
707
630
1005
779
863
583
828
1007
523
898
792
517
724
905
590
578
581
954
642
935
776
604
999
562
973
731
647
891
955
886
1021
698
838
995
603
657
898
1019
709
989
910
609
802
824
754
956
967
631
638
1024
928
662
913
824
686
658
896
803
760
782
616
779
717
638
666
1022
868
518
795
859
553
878
513
887
594
924
753
626
1022
1004
560
986
950
1016
583
964
572
641
1018
1003
994
695
579
579
941
721
531
839
891
989
600
721
566
984
764
557
637
868
738
753
840
659
605
733
996
890
1001
899
710
708
925
743
879
665
790
618
588
756
661
518
586
992
1013
725
823
746
710
998
1005
998
657
1001
632
987
983
549
781
736
585
613
779
668
747
622
1004
720
518
540
824
702
912
991
654
908
795
912
586
520
810
598
667
968
909
652
535
743
994
655
866
789
767
980
930
808
599
771
667
933
839
920
933
988
715
994
816
669
727
781
684
895
966
688
966
818
932
662
910
984
691
815
1007
797
976
547
861
600
581
873
826
937
532
768
917
579
615
896
1004
1012
664
793
518
534
910
964
788
936
944
783
884
986
806
635
781
986
708
884
718
751
606
652
614
796
870
812
567
860
756
990
720
690
784
623
590
959
528
804
640
559
909
988
516
518
667
636
864
586
633
605
832
852
601
805
687
935
949
677
853
630
945
579
543
915
706
958
859
875
648
629
866
589
872
998
634
700
640
676
980
879
852
778
798
566
577
610
832
589
602
547
814
790
644
767
837
980
865
676
637
694
833
772
645
847
858
1018
865
826
959
989
885
783
957
1006
848
1015
789
984
518
644
949
773
739
910
953
559
1009
867
522
526
963
1015
738
662
655
831
849
840
547
923
624
874
995
647
779
850
566
812
1019
842
778
625
762
555
897
640
750
877
676
736
1005
577
549
596
935
593
626
846
515
859
830
551
691
513
838
519
719
751
752
896
1008
777
897
612
790
569
662
671
776
755
825
732
813
954
562
887
857
701
941
759
746
685
923
596
953
806
880
973
729
777
650
798
591
914
909
1005
824
713
659
600
805
573
832
582
982
667
593
808
997
976
545
976
581
1001
1018
647
887
846
676
843
514
977
888
572
984
590
795
576
976
575
909
927
1000
542
957
543
931
624
649
543
737
978
962
873
920
776
889
884
677
639
562
685
698
732
802
518
897
987
858
957
630
798
767
562
886
674
921
585
568
997
687
661
633
939
831
668
1010
710
980
928
613
610
832
671
693
936
949
710
557
892
521
664
938
689
539
553
594
555
825
747
761
975
922
849
712
743
550
888
710
690
632
668
560
709
770
795
858
838
554
807
833
549
866
771
742
908
525
642
643
848
833
620
671
533
968
903
534
563
690
841
972
1024
1001
888
990
839
775
612
581
563
789
590
788
762
738
586
754
969
584
629
875
878
601
815
949
928
770
900
537
926
583
635
708
1015
693
616
693
975
564
954
826
823
613
883
604
948
978
1020
941
872
874
791
530
1006
582
648
757
740
787
732
707
970
840
598
899
876
602
992
687
780
946
639
839
917
568
1000
873
717
892
884
835
607
544
651
623
1016
717
916
924
720
531
747
587
926
771
985
936
831
674
833
866
712
942
619
579
921
1021
858
875
950
602
893
638
857
677
683
583
626
943
989
777
756
790
605
957
514
539
631
615
940
917
1010
795
537
822
740
849
519
705
991
986
989
1004
909
1006
685
1005
842
763
790
672
763
955
1024
725
560
684
592
763
926
561
984
539
585
850
980
674
908
937
780
691
851
944
996
770
997
985
761
731
808
838
692
980
1005
1010
976
739
724
626
666
765
725
792
567
673
625
1012
517
841
773
770
544
935
904
907
651
693
653
1019
747
743
593
588
704
646
543
764
580
950
982
931
647
807
519
915
660
848
980
678
674
808
1001
695
515
596
973
815
650
1016
863
630
608
955
746
744
858
557
928
823
945
767
974
767
665
820
790
828
1016
751
592
926
756
989
939
872
987
995
687
608
802
853
1014
865
972
595
572
889
641
732
703
919
961
924
522
676
699
731
520
971
674
552
916
561
744
709
544
752
832
739
555
527
553
747
811
774
990
700
692
571
899
928
723
578
924
869
536
