1595102305
396205446
1134975020
925323806
609193109
768962978
296583907
1854835750
1761713143
2133022712
1140980412
270166510
1046308960
1345020577
96551403
92182084
1827133257
1039515985
1268637614
1237654057
352438071
523501233
1423225280
529061284
1864989464
1469815709
893984157
1548322705
1904812415
2123962721
1994037088
1513463807
1500007977
2014340380
1628127558
1024882028
971476967
895936434
1709092626
162155645
213823792
1320606635
171239323
219547089
1710331985
744092744
949594134
325903011
2041514293
1317397962
2041000533
1054772237
655762692
786581919
1377484341
665069558
1201942359
1462153922
288259888
1471169371
960583518
1252660808
1510766062
910858633
1157919118
657888973
1234247784
433233211
200265306
1587548910
1739873792
726628209
1915188195
1484412593
626466330
411233591
74007249
756449378
1801993333
1030924767
425281255
1327992667
1765547755
1488500151
831727546
1224127792
1380971413
253433379
1356598903
1929892580
887171432
203511279
975196694
1006653763
353934861
184874616
291147459
1176798298
1308065565
1737144613
1032733431
360251635
1185334895
1178222724
1986152536
1599728459
729077561
2144396253
560763061
1242490460
1323692164
384227667
885717567
692734205
1438237262
469414986
1866075021
1913283113
457720919
1515992277
1808368146
702073510
1678881923
1586298156
941851431
312042001
1438857926
480705726
1617994652
672856346
640466348
1452659950
1551812049
1352775969
2079740369
1648303229
980574521
1109727212
1968954360
1415701597
1241103192
925369237
1049863993
659286368
916731245
1815344471
1989148861
650695941
78631367
1211137476
1013032339
220332924
1270477421
173060229
1575701871
197692972
348842403
1829500760
479360456
811607554
1700332859
1997782375
1439992677
1014728255
1324595576
523048067
417135525
1084543150
1969699891
303263462
2135448322
2043315894
1255407700
92781084
7144334
301230788
1099491239
1941364200
1444475564
638686137
1488382613
503714708
697075524
47376797
1907794826
951134135
916913504
731095604
173231950
489486033
363616910
220071613
1653472386
825512073
1529965459
1828391037
292141641
1695813265
1716074028
1846578843
528853806
852838543
173111012
948324762
554485709
1688384168
1188910345
2059974423
695465699
183669085
691557178
1031921003
2107776698
43864450
719665396
1921035187
353414904
1283066157
1626230088
1646269594
1489851259
1740634182
1769430076
660613509
1460714318
284641228
353332566
318374217
1665908519
1915021835
1198062283
162870299
1938647922
1899673359
1583660123
1669140244
1794912980
293139469
1280900593
953693095
41446580
927766966
647402886
800128319
200168068
1745091792
206847408
902630421
1239597503
420946752
1377502371
1830001730
1759319414
199921626
1046161413
1134531209
1550405523
583939819
16020435
1494158995
1129871754
1928679171
1411750677
712073713
10307379
881713627
1825693070
595396434
1192115696
1032189366
130556420
2062310890
102712325
1444545801
1237531720
1091490329
1870660458
1391828682
993779426
2114808761
285291961
2013117842
307344949
1236734411
1647752545
1768391272
1557325079
1038564711
125929136
640295280
492292874
64692606
225093208
1685918549
685401027
1832808879
1208711752
2121820505
1093652865
132981360
354737703
994913540
2135521322
597697703
1685605160
654878809
1080009189
1238992240
984595454
253514731
1761114470
1886159440
933666534
261391563
1575508919
1939915528
310038955
940801071
1966573395
1492173748
1735407212
1472438783
723325100
357667104
1541397147
722128949
77306405
970067947
179774166
1084646308
334061513
913444524
645292514
1857821176
653527414
642038163
775934406
784256200
1372717886
596712991
756810307
1718772548
1971569593
1503204951
436389
392192744
370495852
903409847
997299597
1702806848
2124531607
754247030
1392768433
1552005381
1567864869
1187135320
1280732323
1056314031
720780959
242088015
25839298
2105903612
1353831820
492219024
1399921771
558192119
1249560505
31974665
1532754786
1171773770
1446532192
1902618343
1657962441
457381568
1027475544
1589409262
1553772077
2047251096
1526343987
638792112
1973753887
295637780
1102795554
1339136739
228770175
2054730694
266106540
597093174
937211671
1362502772
955859509
1270095384
355030023
1317675686
1181992099
809532468
1113804172
2081350517
943146589
1265739781
971629746
1464039786
340778042
1623116016
1452612060
735756181
677013395
2137679938
858824120
156564810
1051947889
1391758801
704224387
1518770277
540267040
1772377596
1276211376
1626031969
49662746
15328149
1470880668
1854704976
823572244
1623725963
827989286
1494249557
1955392423
1364225404
166540722
1827016098
459675647
269565570
2030612990
2068588709
997991484
44121616
2117973191
1986534321
916476723
829297038
656204802
1364491767
1220147784
940165808
1606583756
1308656626
848014577
731844015
874657700
871434021
1942778459
1051164566
808681398
745300296
978367805
620937011
1612316696
418379611
2111673630
1219845200
1133518100
996522611
693971904
681908992
803687810
186652383
1966068922
1315731253
2111322372
108839626
143724788
279637384
545120408
841776171
1798111978
1989539653
832257256
590972123
89087283
1385787019
1476410844
244817436
1660514928
81610235
390745420
83547681
364007512
970519040
717423808
423354242
101358803
352624185
1960246243
253054550
912970645
1631305726
1820774636
1054680367
877418088
1239130163
67579173
1781538324
1520067138
1794239385
771071959
1392395519
1028788078
947182583
2086883906
2061501622
2114625275
1055428935
2096399824
1336297419
1359363732
840826676
1450399587
1528572815
1161004841
2018369366
344636509
1687689259
2023121094
1190804549
25577897
604102050
820112695
1627530394
1412390259
507918395
2018585077
1546476372
418794156
769434109
1591151879
1498016643
1761029154
1614562108
1279385946
470251998
1516881288
1481042346
1888393343
695749596
972609081
275527186
753107914
565515688
36347910
1057280831
564968258
423613434
337248378
5225534
1916305776
886599571
1028691515
701624146
764555418
549643640
1148136430
1757171517
325751586
1941339105
1310300167
548862642
1297981733
193118764
375730788
364912890
1143236
741522302
1937868916
1003278784
1956299251
108783608
1899102675
1404349268
460845066
1612660196
1930831034
1533496809
705585520
1010745177
365946745
1912364958
222125901
1567712416
1436431764
114516319
1380442442
1810502354
764749943
1322447083
1853793598
523139110
1099032741
922843678
1099303401
1838220619
1456932369
1304937223
1725702495
2057995127
935227336
1431633798
126173875
1253667936
224063974
84529576
2043106694
1995810463
646242324
1335470371
1205295640
2112839125
341361380
1479409025
1445087222
1887921878
295149044
926514702
1104175355
1226044962
854847582
1728482263
1245739014
1967415358
1145128545
1415187259
1927120170
99959391
144126014
92313723
1902135668
166898643
1031355152
560114124
841712623
898411458
455822040
1632759896
1783827785
103994791
693333301
1911382818
1403600518
695984385
1480522049
990069970
902541454
889042529
774201851
1710305011
1259475605
2004204589
267390763
1018401608
354429274
783414079
1360672833
405162328
1628131413
302234467
1986541014
1021607277
1747708785
1233589682
233949845
2012935364
204511970
1992729410
1000464431
1519849512
1375719306
953927934
448566725
1797936575
1915955
246225802
681011959
354862809
1206583762
1462503062
1726519631
611424739
633322687
1102622553
1807235328
1037998854
624758117
1684385970
723666712
584509970
329140216
964703559
943230504
1187331014
618082844
1012936574
487781207
1530627224
1430444021
943952582
346831283
60010002
1637933101
1133717815
2017718703
839853870
1806552661
1551075526
918813977
1947984378
585772699
1200049434
1708500508
1341364908
993129544
1549774987
171676148
1906288444
1354916803
333249936
1178683738
1385867102
1780480035
100264958
397152537
757144254
1391287342
1100654847
1885250104
265735793
256362666
619902404
1446010577
1845975208
769603732
1573991992
479262835
1016797201
204423545
1468295690
116676861
52243525
32689658
1799041698
1084305758
32608288
853161378
1992169927
290551356
262007807
761892865
56182925
1157223824
2050827448
703486749
1060472458
1002115062
1021745080
1829780887
969626526
2010651854
1696973641
1618615000
854337935
1215514414
589971902
2049289840
1508196360
28901223
804667246
1479292980
92471181
1191490103
1394688075
142867774
877499911
282985971
494905527
1575933875
898048952
2125505499
854674602
2085942505
1749214791
292613034
265455009
1696560428
1257615337
556801414
1714644690
120878215
1447940062
92133067
1468533836
544702771
1969548847
611089678
1107625505
647302365
1567783647
1746836116
1189084503
42959440
594601968
421176735
536807400
1764457108
1693331736
1517861970
1518966518
1424358136
1181352413
621788462
2146634156
396483013
747612092
755371568
257838925
592346773
758429679
430993231
929796906
1458157544
2013856261
470979538
531560632
1785125654
532410258
311803910
1054254873
1661678345
1297387592
1471628693
1380447552
760718810
1589731615
776993771
1522934593
1798897965
1035117438
1942941865
1433788307
461462329
232760903
1001309139
1915485327
132081994
971037028
965568372
109305882
156132679
1848974096
1467183057
393366464
817645000
530087628
1385258422
221135632
1182550364
1792717869
1677315160
235831507
280930371
234019281
727114101
2031875693
59371578
1770948193
1149750874
1468491291
821132580
703506833
1677147455
2101954787
191156816
1315686284
1606874006
481124041
1445084272
580251192
290739466
628213120
1479056043
1124967598
434395792
1325122448
1792942610
931755411
97127405
1817671669
81597516
308877174
1003842952
891236213
847286170
1462022287
638675378
679213593
1095575778
1292234099
862278686
1667101747
1484647817
1230034196
2054761654
1933237751
64931649
519139745
2029389055
784078036
1235173204
486856558
33118446
930623790
2088672132
581609915
868439828
746635422
1511272263
555769241
1503341018
1132095855
898340995
381052357
2119939753
183922309
1470171481
708915974
734552022
1352478346
1364278022
532550775
1104069545
1513693170
425788694
1493982196
203556421
1501344149
1147938148
853584585
435545994
1787706166
1873693325
1733864798
922006553
1164905257
252935404
2095606093
1237086709
617615405
1129105323
100033716
2005156920
565040539
1928570720
1387230880
1382804361
1488282803
1572995061
1346272016
1308328575
657603015
2034134047
1306281398
2146558615
1842276597
717822137
1295037348
219275465
660117231
1726932178
2127094876
819227867
1574058712
298585519
1022353000
278969597
1260070220
1780657369
1029835586
563408956
816406392
1932252271
1013057115
291393889
1306463795
91587305
1956968235
867737073
287724956
135881869
230513379
1712064315
1603409078
1390200674
1219534636
1270974774
916968580
1808867611
1479943775
1394803883
308791965
1052733094
1658152857
476853387
849817880
2092054970
195879263
336745559
1661345585
147531205
163067392
763710760
748079758
603402263
1198525856
684946490
133587131
1968661625
760628874
1090716483
1017003784
1537067167
1590157773
2021109958
1490086644
457552408
1161558623
1709830566
124799144
67838140
1156315346
1762817544
33476853
1203221225
1263532884
1005936140
90942739
1532465650
764548486
820662044
1880105028
1030584999
1062629951
579526317
1350474119
1746371788
1510278608
55503343
1687832374
237323797
35293275
2004346276
1446024514
1610243504
1597941218
585152326
940520420
348694065
1374981859
1602585120
1939517555
66097687
1428424836
125868194
1162062992
1392610583
2081662548
232864011
2073374149
1202270704
2113942568
849529911
1861320365
1049839920
761436788
980619266
1031925037
1839557761
882003214
260242764
1176652145
674348382
767503447
1243640759
2079232886
1204176185
1085969848
1403271320
226689001
905362465
1955162601
1168014615
925328105
272468149
1359468744
1073114004
991526039
352216270
136358741
1649186969
1756992096
188216513
1452630762
2077530479
340798180
1080331945
72424498
1888337471
1130062957
410277562
1592546750
370674742
1221846335
1709756626
2036793795
2078929631
535135667
1123194588
1543690009
1327349811
424120646
1534446753
1253251587
1234067132
892581727
620663797
1438997655
1243379660
691496347
2128535593
2086376491
79420665
610522066
1782961010
1735586833
1430474497
925308443
526377484
1468530880
1412845622
191390247
2108990499
2107615606
497999580
2011706153
785385064
1716651270
1352886115
270000641
279771015
528238283
2087973087
1835542255
709196460
719523661
864687293
1068300724
1999029659
1480961621
1601871853
2045673004
635871517
1941752679
495179951
1180809939
782086575
920485875
204303107
1809369249
664622815
709750479
680204075
516722852
1649180742
768181908
767877127
61120859
1209518598
1249972057
1513295908
677535822
1222659291
1194583897
2017199296
642313899
842286843
1822099059
575267725
2061739418
1894617648
235360521
1654180459
1925534709
598350843
1673201075
1303668942
389387144
2015749143
276388718
1109844761
675246767
1369330891
57244249
1021244632
2015495280
1445868667
1165736462
741076140
1036039920
529253478
70375710
437083619
138104137
1029382731
145159911
1826572779
836419867
2091310815
909226254
1006198446
1213394509
747275476
1405498124
2037350368
86303609
287868349
129161562
1971641854
1598346758
615983174
1028220682
1965379134
1985164824
2085620830
433574697
1091856134
312205177
299884264
1745118871
1900749718
984570419
1637813426
1050642739
1529675987
156327482
242657340
1594050095
709969600
942006815
1173219693
1315217222
1653807508
823720643
151639541
1929032051
152550125
2073664844
500772545
1543782630
272802744
2105598830
631465128
1093920494
1959615465
166763232
2008640032
2018876737
565422755
830948265
635980725
1066336007
481601781
23113415
180363009
1586980339
1426949469
547935888
1492956252
347428553
536518996
1949127713
1564695706
1630971135
1574997550
367047344
151270200
413406894
133156674
1767973486
755170895
1165102952
956439883
1977352403
1677440624
257246579
42106419
11810803
541918655
351152673
995547029
1198142533
1549942043
828092797
639421997
1541318107
622974682
1122934897
1579666806
291097569
1507837841
399609312
1679673157
24868673
1895926718
1902274859
1270591680
336618090
1985836516
2018298198
1627166932
1428172096
117219118
829142020
487785566
1280192910
1657029047
1405359412
909622883
1708992291
1594525615
298988928
723069724
1467548065
1447064906
294679954
1671921964
824287048
1382977251
907859297
1227322551
95589953
1231637985
420439622
1935563020
241012862
47838563
1786574224
1097372170
2131754935
53587255
1162567801
696643244
676933027
788611942
444927272
847514486
1952971238
223854564
1731818555
1571050814
375339354
1954023854
1520080755
1208724729
676664439
1707946698
1803504860
727370851
1246392843
804681558
1678612592
1464076033
1965770263
2108650426
1267236683
1456203395
854811173
273125729
2146494430
1871123040
639964717
1166978068
1033520002
1071317681
1529305279
1097434968
1464046535
1058019366
838069869
412000775
463462589
864769722
1849347216
461912931
1512921022
1783234630
646662101
490497203
969466211
478413293
1306904362
1072414480
507453116
517274096
1618293585
132203350
551113628
22831855
1119915026
1977076925
564679208
1290336989
1213877551
965778633
1697236632
1162250754
1402686914
756971763
1079623405
1155114722
1044250953
1412278106
294789563
2126379999
1887614688
436665436
883822943
223585620
20363555
1724153485
2103609231
1025714761
1032718676
1077520235
2072894954
1803163180
1332236710
1826645146
217155350
324936868
223061984
2091403244
1857148968
2105323842
1961823419
871598022
106067188
264294954
883505483
1209673284
150522086
21993227
1583628295
817872712
1604970751
752635431
27670075
501158663
689433091
1649718411
1325813926
1114725194
1733319048
1927114169
694843223
1533573228
1674467970
1958624616
1324251956
392420411
895811157
960183123
734412122
1228093891
1482853717
1875027409
1941710984
323963480
753946396
220455432
1040727961
1216870063
1223408149
484876903
1840402300
185920919
1929042713
2119325484
1606125645
1913172391
976626592
1100416530
907902131
514641873
768395634
23613826
538726455
1403387371
755716275
1166652913
281701573
1479758071
2102793348
1791429746
1953491565
1537692476
460334126
287571773
5633209
658105169
901469548
123465149
1601555076
804632059
1061298679
1068761236
1262137331
1316208173
904240374
194895630
873363010
418917255
2006564197
1117507339
2083841249
877966777
1787980214
1943479249
2083275476
1803519964
1732220965
426094493
744985766
1740465260
350227569
1099423216
972907882
617006641
1631670830
1504980086
464260130
1164233370
1283187259
662909034
2057628280
2046991161
955743283
793586723
645241214
1032324369
1953922066
1459845052
601917508
1565375898
751698888
1215051008
505419700
657525170
1028812078
2021800920
1781106110
1201742725
1561327192
1983243773
1944344367
780385439
2141722658
1835860092
454681039
604993701
542337160
1364876130
861095519
1620400042
698076773
191247373
410667540
870681318
1158120386
1243919684
834344523
991131248
975905556
576735774
1644832622
157821210
1869209946
730334640
5301187
1885060764
1333548246
996602140
1151426556
1989241138
1690692180
58352515
1981929617
530996894
1127457097
1972284344
1601047105
784658338
965696049
518954145
111310028
1338855952
574558597
1311125966
1208422946
506091384
243098576
343441963
906722184
1928884290
731822674
1042597489
153361759
2030396639
1002379828
1364258936
1910361509
1252458229
321180076
1244553786
802558249
1823640399
703724444
903826300
1602014266
1614714498
1991739077
548194267
1718703689
6099310
271977877
1837011244
1752683200
1929602524
429395010
803614759
665576629
107648163
1395107355
1253639193
123230618
2096985274
1306136555
1788117447
1648072895
33547656
449641321
1492475523
910815056
89786642
727558449
793987615
878676937
851042490
1622248405
658570083
657997596
2032054651
273967248
1882424884
106574126
790286813
396688701
259516387
1708956885
1573353341
549846514
851117766
531769816
1340093558
1406860948
57417241
367633887
1778797035
958679438
500552732
1660115802
1687865368
832596892
927426121
1113206295
435229816
1551915135
397505199
621087836
851595296
1281180704
1844237990
184436196
218806147
437991690
1965824200
167210036
987467212
1896596724
1726545047
388931536
1795092771
1620362162
776271758
2056137953
266987686
1552251998
1784442570
661378544
53964265
399139888
121911461
779131264
1834612244
1457237362
1295443642
1456599308
1284321518
1560600742
599662423
1194594251
1864974689
1057965914
433966244
1570954664
258059146
1722782481
1584886994
293601667
783951276
1946943626
578499121
1667635067
1874473022
1554446180
2068816858
76574347
1477229704
802568588
1625142923
668608292
1555203587
1064028825
775369631
1849990362
596999321
1521647918
1161099937
756939355
1861774506
926307397
1130813758
359571964
22056056
137145824
1435553178
1882844636
602348529
812111569
762279625
1232408115
766359635
1361202020
1336716420
1514462418
66037549
555237282
1256295736
454282537
1176273935
796122487
1983501113
1300303595
1305571984
123645154
1357420547
1901101625
83028585
783497691
1046390816
1364354932
909441204
2071839101
95448831
882220077
1465443884
99591264
1311248927
1302454081
1906927667
561084104
430735926
1838562726
1149904896
759583826
1561458146
1997032334
648662401
586574582
880904466
812256916
1193559734
1857141964
2043338803
875834563
57109904
751290527
1546404754
1220938490
1842902854
368701043
1912389222
687687034
1824279595
392323404
24868203
2116190378
1230437842
2106082518
1158500113
1591229295
1581016242
968555167
1605209414
238848874
2058647757
1758157758
1349004124
1775166072
1587632918
828708564
134861410
1087480053
1128049704
606557466
1656284810
639828944
971140404
1376962107
252367994
2011457722
927981927
882138037
124628197
1675475538
904861662
1968583296
974940457
1737370052
417670247
203255037
1221651747
59944210
2035845118
15116813
1364763953
596197002
953463735
1468486064
2132394840
784625927
1260499451
1296690695
1517777868
1295119674
2035892060
2109183743
1175131182
75026295
176384801
1520136191
1243027842
1989985485
1469592496
740113597
734338086
2067887832
688825055
687304467
214150247
1733953737
1362493532
1752502882
1808771790
153180380
489823648
162414321
856529851
1355708684
1273586097
1805435192
1440125545
553884728
338196168
888488715
1526774057
659390755
612703149
851219212
74567349
1633958210
2018264515
886912100
795565358
1315006455
2012574503
956226105
1201146500
1851853374
253560660
629174944
1143868913
226764358
1153200810
1553124322
1608909910
515107519
870948474
2111537990
1526216558
86037435
1114087128
335760707
1214315710
1477298908
834777459
1278932242
584049278
704148079
1035463803
477786874
152875514
1782747615
418017419
1541195855
321767022
1286590900
1225857179
1251785376
775482337
1046217672
366274451
1177666826
138922573
575824017
1483380914
2138848650
138218567
2006462602
2012248
1473734677
975007661
110178916
1377399330
1994560254
890033851
953380031
537615380
1251151341
2029589624
1800447996
1382804544
1343722643
581565847
1464835845
90855717
1918437063
843842993
952071018
963256094
551337801
1737179891
1844852700
321877624
1368727535
341080307
1051481260
420667272
1344097291
1609905665
1407035431
1431311301
1990830843
1101174744
811211270
907711492
391824445
944557992
1394947117
615491330
523621752
1788353965
388962376
