94011
62033
77395
88062
3075
71383
90861
20978
1290
95166
59474
17672
50101
119835
20097
13472
95837
69331
18252
71929
45098
21963
78626
101092
77146
87224
74481
75811
110727
86206
3588
58478
77636
73251
35710
34416
127976
5614
113805
16258
130478
42410
110597
65343
78077
102988
12166
123929
83644
107210
83508
47449
6761
27661
122203
89679
49684
7663
104774
57815
119401
114974
121234
109402
59826
88491
42890
21577
24460
10146
39474
14932
8772
70031
74260
119259
78292
39337
84580
53221
70215
23870
58013
111631
50124
13756
116915
4577
64724
56317
79989
122864
2909
52637
10461
51924
94874
8721
13984
24377
107966
51716
130790
60776
65592
439
64653
95995
111662
43179
25414
96326
90266
124694
32259
50458
87331
6818
22352
56952
28756
20195
123381
74820
28370
129770
1020
55830
45435
62284
29455
59643
105062
9712
49685
51944
69310
103710
60985
101346
38384
85834
6565
48618
43728
61599
51548
48206
128435
62781
105357
33904
31525
63061
128853
129321
108005
31313
44617
64107
718
10826
125256
35689
61624
45108
81909
64933
18812
103109
20400
72508
29242
19198
128736
33624
26421
38440
15369
87691
46132
111530
53196
15896
48493
91303
645
69626
126648
119609
37410
104761
57531
84731
111829
113054
59781
118651
14647
31249
32488
81943
81677
90227
23267
67169
36460
23034
39882
86762
92599
20539
81972
98134
101513
128379
49474
30242
108293
66855
75654
4674
128742
115788
29823
59931
4102
84451
128755
33958
127404
107512
10607
113975
91023
35377
19966
87610
103634
115715
115685
53914
57060
56370
8924
107980
113063
47947
119985
46491
108217
31108
104400
94005
96443
35830
25280
59704
42042
75956
8707
18757
24250
75646
18714
80818
9509
17194
108560
9862
103258
30755
89841
104140
106099
40725
115698
40571
15616
71263
11229
84108
102546
78831
12656
9280
32740
3449
64304
114883
68032
32040
79042
63557
61864
177
74956
18630
6927
99829
130905
127538
56920
65780
96294
11883
20321
54972
98462
100793
115470
86113
39563
44578
124694
9795
3978
118644
74864
17038
61476
102763
96275
55799
65646
23853
15121
107701
101895
28398
48487
121671
32234
64532
94564
50325
27367
50405
3254
35824
88535
130037
107999
44501
130514
105565
63191
86954
62402
2264
113404
9903
24416
89449
90264
55848
72999
130677
77752
64982
65898
16178
77562
86253
2232
102912
58272
19848
32496
45563
127808
20410
47304
18050
127738
88958
14572
79162
69654
79154
98011
6286
115164
107403
107588
48086
3789
121079
23729
116995
38888
87474
70731
92949
99233
7670
89882
674
108748
7649
30367
103640
100821
10824
21305
29484
18621
17818
39805
86007
34815
94772
78662
88083
34753
109649
103801
125452
75652
51315
90872
104282
69030
26195
127361
11493
77407
44655
64392
59392
123965
11887
74323
125536
42597
72118
118013
50491
108881
37619
84426
52117
91245
60253
87358
121684
86512
40952
50339
78264
100807
88881
54186
84423
2664
10904
117256
18890
26476
52732
24300
103814
65835
10810
89281
103790
99735
34852
79227
5482
69553
110865
125713
17187
8765
48035
96899
119205
73030
83638
110370
8104
3303
57760
65134
77852
129488
81985
51331
52617
95956
117034
48450
14384
31151
52333
63764
115546
118676
130776
