2890
14482
11913
905
9058
12874
8176
8900
11916
14898
12220
15960
1504
11967
3668
11521
9170
9538
11957
10282
7226
5639
16143
9118
13508
2766
7767
3340
11729
7021
15457
15020
11102
15230
12649
4834
9268
12932
16188
11045
4005
9973
4058
8738
13788
15888
12346
10934
4870
9073
11137
9316
6994
5530
7906
6929
8498
10685
14691
512
1595
10917
10265
3510
14422
8831
13895
9627
9559
11634
7447
5419
10845
2110
14981
11090
10446
10901
1494
1934
10198
1420
11195
8227
5322
2470
3794
6946
2155
293
11180
7162
2384
12628
7924
13166
4858
16100
2521
2173
42543
48928
41988
18059
60911
38649
32649
57250
112536
34580
131019
28288
107597
83037
52608
103018
37815
39571
57338
28679
115476
106855
39245
33970
103928
87949
68369
46632
89641
94415
112375
31182
22217
66510
20145
97321
80948
48764
30452
52723
44309
19457
46264
104027
29264
104830
124250
93003
70297
107040
79193
101832
84826
95806
74243
45156
93778
93423
76057
91880
125378
72491
16662
18224
25081
58472
29558
30416
28034
76593
103214
124190
93702
62247
108934
74472
28850
17522
108453
121946
108338
121451
31666
43234
46445
46597
104374
126133
122514
80763
59724
56760
26451
61917
91027
125716
32007
73338
81170
63358
1869258923
882535963
1272979992
129576685
1038080569
728840120
1718431840
622494092
523811393
1966088066
840991314
279712436
243821736
242150347
507459875
210906766
862971249
1651646788
1607248266
365403112
631640086
1171350394
1694937094
288969777
658267553
2048672683
1757522199
492550846
1632479279
26101732
212152283
1554626760
929658362
653227009
1814547629
406724254
1745255154
2089211846
1828232235
769233111
1163737565
1818604369
1694281069
1908620144
1521904229
695082974
1047200369
462329033
847819062
488645655
1895567279
1490345377
1924933110
947204099
1808160514
1664916672
105382415
1070441390
2016041716
440765040
661090704
95462629
1341865336
2028003676
121083720
1986135466
789068852
1875610700
1862230611
1142782327
378408729
1422328784
134509433
606466935
1216866575
344560551
276904832
72656884
625096766
652635059
530188276
1153621233
2114289707
1691933268
1191099872
1520259894
1706266834
1123219655
48955241
1044701070
413705838
982564827
1534820007
748755848
1982911373
956867753
1274860490
1871265239
961108928
1551991430
