127218
114325
53374
11802
121938
31541
18289
35659
114124
112783
116794
64254
62793
2188
114280
9977
51890
100081
17047
43292
4886
80409
76521
57279
93708
22021
44364
90339
41201
96319
44065
110574
123667
21733
153
9049
6350
57693
81692
83743
5729
3370
35115
108193
9109
51146
111116
126658
117593
115163
72460
17959
16581
72727
35658
59092
113048
112112
106355
62068
35702
125551
52921
22245
23331
34860
51605
116030
38312
107002
128169
33668
68599
85790
45305
39603
92338
68120
112281
89032
126645
6163
78004
60171
10327
91750
97012
92138
105158
116168
67013
121394
48810
72325
122583
105336
19902
119460
80844
127273
66572828
15122754
27097211
18483716
92329944
67545506
106495838
36290608
131903538
100669018
88208296
30088141
55460991
42772233
101233869
120646970
41736316
38682448
114582600
83843067
17297261
54129199
73219712
905644
9498837
26056604
117840145
51534040
104711702
40934073
101418814
76161706
6038260
26713574
58554539
94864761
33796752
7654815
47557403
26557548
92236080
14705177
9527068
63659418
79660108
16400418
121296520
45638475
27133951
91809792
118968256
98680161
65866637
40263109
103678604
22091032
83615832
28953637
119909345
70146656
72139256
34362480
73853291
91375295
61766636
91451340
18009013
5031000
41347777
117797047
68494838
94488245
113571026
31312081
83579374
86151427
93314658
86451394
121314704
98828087
18289632
82385375
115818543
95884561
2053064
112867790
96155299
56884104
130086390
132201773
113502172
66539026
119020500
67256540
50130738
36074553
79747953
57314341
2978706
34317652
1611579599
1642038083
677879869
839265783
548758498
605424657
243347481
1997212634
1929972099
1909252886
911350666
1862159336
1408542946
375421097
458769424
300807225
1200065804
1873083982
1059927460
867400316
678468562
512033822
1832386074
217766697
2036959502
1584305958
736061791
1942354251
2032697441
2043841911
1340393639
1802407434
457195202
485480830
2098101693
388841279
233219974
1695650124
1970432078
291522469
606983780
1223078305
568377888
1921567290
1809196820
2051263771
1512528537
1154852481
723426332
396280295
1171855471
550924360
835326863
1039443045
827258884
1525487783
137444319
987619928
1380477820
947510346
1954113957
1767163628
1394701373
637889424
194582995
865744786
383557975
1407269768
2111095717
708537789
1616054119
1626604842
990549898
1246355607
704876914
840549765
2105174793
1220889043
1544920955
1683792009
749222029
1315414380
353421559
1024220146
412269255
1637136617
416645412
1008844120
865968224
401771300
1079736409
296577439
513144045
1796889888
823399265
1113359123
444935953
1180103627
1952786899
666453418
